1456656843	354	0	1
1456656846	353	0	2
1456656858	354	0	1
1456656861	354	0	1
1456656864	354	0	10
1456656867	354	0	2
1456656873	355	30	3
1456656876	360	69	3
1456656879	384	79	3
1456656882	394	0	3
1456656921	354	0	2
1456656924	356	26	1
1456656927	353	30	1
1456656930	355	29	1
1456656933	349	0	3
1456656996	354	24	1
1456656999	352	28	1
1456657002	350	0	2
1456657317	355	14	1
1456657320	355	0	3
1456658448	353	0	2
1456658844	354	0	2
1456660947	354	0	1
1456660950	355	33	1
1456660953	349	0	2
1456661217	354	0	1
1456661220	357	45	1
1456661223	346	30	1
1456661226	352	61	3
1456661229	372	124	3
1456661232	397	138	3
1456661235	421	146	3
1456661238	425	151	3
1456661241	426	155	3
1456661244	426	160	3
1456661247	426	161	3
1456661250	426	183	7
1456661253	440	315	5
1456661256	456	393	5
1456661259	472	413	5
1456661262	484	151	5
1456661265	468	197	3
1456661268	453	177	3
1456661271	434	181	3
1456661274	422	178	3
1456661277	427	179	3
1456661280	427	181	3
1456661283	426	51	1
1456661286	400	58	1
1456661289	376	56	1
1456661292	355	54	1
1456661295	348	56	1
1456661298	356	54	1
1456661301	355	54	1
1456661304	356	54	1
1456661307	355	55	1
1456661310	356	54	1
1456661313	355	55	1
1456661316	356	55	1
1456661319	355	55	1
1456661322	356	54	1
1456661325	355	60	2
1456661328	365	125	3
1456661331	382	180	3
1456661334	404	179	3
1456661337	419	181	3
1456661340	426	181	3
1456661343	426	180	3
1456661346	426	179	3
1456661349	426	195	7
1456661352	438	316	5
1456661355	455	414	5
1456661358	470	428	7
1456661361	487	523	7
1456661364	504	651	7
1456661367	527	674	7
1456661370	542	660	7
1456661373	545	657	7
1456661376	549	666	7
1456661379	553	693	7
1456661382	556	681	7
1456661385	556	399	5
1456661388	528	442	5
1456661391	510	439	7
1456661394	486	212	5
1456661397	480	341	5
1456661400	480	427	7
1456661403	476	480	7
1456661406	494	621	7
1456661409	514	703	9
1456661412	534	739	9
1456661415	544	720	9
1456661418	538	711	9
1456661421	529	711	9
1456661424	523	715	11
1456661427	522	737	11
1456661430	522	736	11
1456661433	521	729	11
1456661436	518	721	11
1456661439	516	718	11
1456661442	520	739	11
1456661445	532	765	11
1456661448	551	820	11
1456661451	572	861	11
1456661454	592	893	11
1456661457	611	952	11
1456661460	633	1033	11
1456661463	657	1157	11
1456661466	686	1211	11
1456661469	701	1299	11
1456661472	709	1326	11
1456661475	712	1294	11
1456661478	713	1303	11
1456661481	718	1301	11
1456661484	717	1295	11
1456661487	716	1302	11
1456661490	715	1308	11
1456661493	715	1303	11
1456661496	715	1302	11
1456661499	716	1314	11
1456661502	716	1308	11
1456661505	717	1300	11
1456661508	717	1314	11
1456661511	716	1311	11
1456661514	716	1308	11
1456661517	716	1309	11
1456661520	716	1314	11
1456661523	716	1306	11
1456661526	716	1307	11
1456661529	716	1316	11
1456661532	716	1316	11
1456661535	716	1309	11
1456661538	716	1305	11
1456661541	716	1315	11
1456661544	716	1313	11
1456661547	717	1321	11
1456661550	716	1317	11
1456661553	716	1316	11
1456661556	716	1316	11
1456661559	717	1316	11
1456661562	717	1317	11
1456661565	716	1322	11
1456661568	716	1320	11
1456661571	716	1318	11
1456661574	716	1315	11
1456661577	717	1310	11
1456661580	717	1315	11
1456661583	718	1313	11
1456661586	718	1315	11
1456661589	717	1314	11
1456661592	717	1315	11
1456661595	716	1321	11
1456661598	716	1322	11
1456661601	717	1327	11
1456661604	717	1321	11
1456661607	716	1316	11
1456661610	716	1317	11
1456661613	716	1317	11
1456661616	716	1315	11
1456661619	716	1319	11
1456661622	716	1323	11
1456661625	716	1318	11
1456661628	716	1323	11
1456661631	716	1320	11
1456661634	717	1321	11
1456661637	717	1317	11
1456661640	717	1324	11
1456661643	716	1319	11
1456661646	716	1318	11
1456661649	716	1317	11
1456661652	716	1317	11
1456661655	716	1319	11
1456661658	717	1322	11
1456661661	717	1321	11
1456661664	717	1320	11
1456661667	717	1319	11
1456661670	717	1323	11
1456661673	717	1321	11
1456661676	717	1321	11
1456661679	717	1319	11
1456661682	717	1315	11
1456661685	716	1317	11
1456661688	716	1317	11
1456661691	716	1322	11
1456661694	716	1323	11
1456661697	716	1318	11
1456661700	716	1318	11
1456661703	716	1321	11
1456661706	716	1323	11
1456661709	716	1321	11
1456661712	717	1321	11
1456661715	717	1091	11
1456661718	696	1013	9
1456661721	669	1029	9
1456661724	645	1019	9
1456661727	631	1028	9
1456661730	633	865	9
1456661733	617	812	8
1456661736	603	867	8
1456661739	592	850	8
1456661742	583	852	8
1456661745	589	867	8
1456661748	587	866	8
1456661751	589	873	8
1456661754	591	866	8
1456661757	591	854	8
1456661760	590	858	8
1456661763	590	882	9
1456661766	594	982	9
1456661769	604	1025	9
1456661772	618	999	9
1456661775	629	1009	9
1456661778	634	1008	9
1456661781	636	1007	9
1456661784	633	1006	9
1456661787	634	1015	9
1456661790	633	1006	9
1456661793	633	1032	10
1456661796	640	1154	10
1456661799	653	1141	10
1456661802	664	1145	10
1456661805	672	1148	10
1456661808	672	1148	10
1456661811	671	1151	10
1456661814	672	1142	10
1456661817	672	1147	10
1456661820	671	1146	10
1456661823	671	1153	10
1456661826	671	1154	10
1456661829	671	1155	10
1456661832	671	1145	10
1456661835	672	1146	10
1456661838	671	1142	10
1456661841	672	1149	10
1456661844	672	1147	10
1456661847	672	1143	10
1456661850	672	1147	10
1456661853	673	1149	10
1456661856	672	1148	10
1456661859	667	848	9
1456661862	640	602	7
1456661865	600	611	7
1456661868	557	443	5
1456661871	519	454	5
1456661874	501	448	5
1456661877	484	449	5
1456661880	490	291	5
1456661883	471	309	4
1456661886	461	317	4
1456661889	448	321	4
1456661892	447	317	4
1456661895	448	322	4
1456661898	449	341	5
1456661901	458	434	5
1456661904	470	441	5
1456661907	481	450	5
1456661910	488	448	5
1456661913	489	479	6
1456661916	496	558	6
1456661919	504	572	6
1456661922	512	582	6
1456661925	517	577	6
1456661928	517	581	6
1456661931	517	589	6
1456661934	517	585	6
1456661937	517	587	6
1456661940	517	584	6
1456661943	518	584	6
1456661946	518	588	6
1456661949	518	586	6
1456661952	517	582	7
1456661955	517	584	6
1456661958	517	595	7
1456661961	522	705	7
1456661964	538	203	7
1456661967	548	355	7
1456661970	559	481	7
1456661973	554	628	7
1456661976	548	685	7
1456661979	544	723	7
1456661982	546	735	7
1456661985	554	746	9
1456661988	564	843	9
1456661991	570	846	9
1456661994	573	855	9
1456661997	576	879	9
1456662000	578	897	11
1456662003	584	942	11
1456662006	590	982	11
1456662009	599	1042	11
1456662012	614	1129	11
1456662015	635	1256	11
1456662018	668	1272	11
1456662021	693	1327	11
1456662024	713	1294	11
1456662027	718	1312	11
1456662030	717	1300	11
1456662033	717	1305	11
1456662036	716	1312	11
1456662039	716	1313	11
1456662042	716	1312	11
1456662045	716	1314	11
1456662048	716	1317	11
1456662051	716	1311	11
1456662054	716	1325	11
1456662057	716	1320	11
1456662060	716	1320	11
1456662063	717	1318	11
1456662066	718	1331	11
1456662069	715	1335	11
1456662072	715	1325	11
1456662075	716	1325	11
1456662078	716	1319	11
1456662081	717	1312	11
1456662084	716	1308	11
1456662087	716	1318	11
1456662090	716	1316	11
1456662093	716	1317	11
1456662096	716	1320	11
1456662099	716	1327	11
1456662102	716	1322	11
1456662105	716	1325	11
1456662108	716	1324	11
1456662111	716	1322	11
1456662114	716	1331	11
1456662117	717	1321	11
1456662120	717	1323	11
1456662123	717	1327	11
1456662126	717	1332	11
1456662129	716	1331	11
1456662132	716	1340	11
1456662135	716	1085	11
1456662138	698	1126	10
1456662141	677	1002	9
1456662144	646	1047	9
1456662147	634	1033	9
1456662150	626	1036	9
1456662153	627	826	8
1456662156	607	862	8
1456662159	595	857	8
1456662162	582	868	8
1456662165	590	867	8
1456662168	589	686	8
1456662171	574	647	7
1456662174	562	429	7
1456662177	526	465	5
1456662180	505	462	5
1456662183	489	464	5
1456662186	485	463	5
1456662189	488	463	5
1456662192	486	459	5
1456662195	487	458	5
1456662198	487	462	5
1456662201	487	459	5
1456662204	487	453	5
1456662207	487	456	5
1456662210	487	454	5
1456662213	487	518	7
1456662216	496	652	7
1456662219	509	680	7
1456662222	521	663	7
1456662225	534	691	7
1456662228	545	713	7
1456662231	550	721	7
1456662234	557	723	7
1456662237	555	729	7
1456662240	558	731	7
1456662243	560	727	7
1456662246	558	726	7
1456662249	559	725	7
1456662252	558	728	7
1456662255	558	433	7
1456662258	535	423	5
1456662261	511	153	3
1456662264	463	0	3
1456663260	354	27	1
1456663263	352	30	2
1456663266	359	76	2
1456663269	369	86	3
1456663272	386	137	3
1456663275	407	148	3
1456663278	419	170	7
1456663281	441	299	5
1456663284	457	384	5
1456663287	473	399	5
1456663290	484	400	5
1456663293	483	160	3
1456663296	463	180	3
1456663299	445	183	3
1456663302	425	180	3
1456663305	425	183	3
1456663308	425	184	3
1456663311	425	185	3
1456663314	425	187	3
1456663317	425	188	3
1456663320	425	189	3
1456663323	425	119	3
1456663326	420	0	3
1456663953	353	3	1
1456663956	355	44	1
1456663959	350	64	2
1456663962	362	108	2
1456663965	369	119	3
1456663968	396	168	3
1456663971	408	176	3
1456663974	421	185	6
1456663977	432	261	4
1456663980	437	287	4
1456663983	443	301	5
1456663986	451	405	5
1456663989	464	421	5
1456663992	475	434	5
1456663995	485	434	5
1456663998	485	437	5
1456664001	486	439	5
1456664004	486	438	5
1456664007	486	443	5
1456664010	486	445	5
1456664013	486	445	5
1456664016	481	224	6
1456664019	460	83	3
1456664022	424	0	2
1456665585	354	0	1
1456665588	357	15	2
1456665591	359	70	2
1456665594	370	77	3
1456665597	385	167	3
1456665600	404	200	4
1456665603	422	31	4
1456665606	436	41	5
1456665609	452	148	5
1456665612	466	305	5
1456665615	470	423	5
1456665618	474	439	5
1456665621	475	461	6
1456665624	487	553	6
1456665627	501	560	6
1456665630	511	576	6
1456665633	516	569	6
1456665636	516	583	6
1456665639	518	429	6
1456665642	504	466	5
1456665645	496	463	5
1456665648	487	460	5
1456665651	482	286	5
1456665654	469	322	4
1456665657	454	159	3
1456665660	432	77	3
1456665663	413	77	2
1456665666	391	30	1
1456665669	366	0	3
1456665846	353	0	1
1456665849	354	23	2
1456665852	362	59	3
1456665855	376	117	3
1456665858	394	191	6
1456665861	418	283	5
1456665864	442	409	5
1456665867	459	436	5
1456665870	476	449	5
1456665873	485	448	5
1456665876	486	449	5
1456665879	488	452	5
1456665882	487	448	5
1456665885	487	199	5
1456665888	473	90	3
1456665891	444	43	2
1456665894	406	0	3
1456665975	355	4	1
1456665978	356	28	2
1456665981	365	60	2
1456665984	373	68	3
1456665987	384	117	3
1456665990	402	185	3
1456665993	413	209	5
1456665996	431	363	5
1456665999	446	433	5
1456666002	466	449	5
1456666005	480	448	5
1456666008	486	448	5
1456666011	488	453	6
1456666014	490	522	7
1456666017	499	644	7
1456666020	516	697	7
1456666023	532	700	7
1456666026	540	717	7
1456666029	544	683	7
1456666032	550	712	7
1456666035	552	676	7
1456666038	558	698	7
1456666041	549	722	7
1456666044	550	741	7
1456666047	550	541	7
1456666050	537	474	5
1456666053	521	374	5
1456666056	487	207	6
1456666059	458	171	3
1456666062	437	181	3
1456666065	422	179	3
1456666068	421	176	3
1456666071	425	175	3
1456666074	425	172	3
1456666077	425	173	3
1456666080	425	172	3
1456666083	424	174	3
1456666086	425	173	3
1456666089	425	175	3
1456666092	425	174	3
1456666095	424	178	3
1456666098	424	176	3
1456666101	424	179	3
1456666104	425	179	3
1456666107	425	178	3
1456666110	425	180	3
1456666113	425	180	3
1456666116	425	180	3
1456666119	425	178	3
1456666122	425	177	3
1456666125	425	176	3
1456666128	425	174	3
1456666131	425	174	3
1456666134	425	173	3
1456666137	425	174	3
1456666140	425	174	3
1456666143	425	174	3
1456666146	425	174	3
1456666149	425	175	3
1456666152	425	176	3
1456666155	425	177	3
1456666158	425	179	3
1456666161	424	190	7
1456666164	433	336	5
1456666167	450	424	5
1456666170	466	453	5
1456666173	481	465	5
1456666176	485	455	5
1456666179	487	459	5
1456666182	488	461	5
1456666185	488	453	5
1456666188	487	453	5
1456666191	490	71	5
1456666194	488	95	5
1456666197	488	234	5
1456666200	486	396	5
1456666203	477	443	5
1456666206	478	456	5
1456666209	480	299	6
1456666212	468	180	3
1456666215	452	185	3
1456666218	433	92	3
1456666221	418	61	2
1456666224	401	0	3
1456666341	353	0	1
1456666344	357	14	2
1456666347	361	64	2
1456666350	371	89	3
1456666353	391	182	3
1456666356	408	198	3
1456666359	421	194	3
1456666362	422	92	3
1456666365	412	0	3
1456666434	354	1	1
1456666437	354	22	2
1456666440	356	69	2
1456666443	369	116	3
1456666446	386	187	4
1456666449	414	249	5
1456666452	443	383	5
1456666455	460	491	5
1456666458	476	456	5
1456666461	482	443	5
1456666464	484	447	5
1456666467	488	440	5
1456666470	487	441	5
1456666473	487	166	5
1456666476	472	216	3
1456666479	452	0	2
1456666527	355	2	1
1456666530	357	29	3
1456666533	365	69	3
1456666536	384	162	3
1456666539	401	203	6
1456666542	426	341	5
1456666545	445	414	5
1456666548	464	441	5
1456666551	478	448	5
1456666554	486	447	5
1456666557	487	450	5
1456666560	488	452	5
1456666563	488	450	5
1456666566	488	447	5
1456666569	488	457	5
1456666572	487	455	5
1456666575	487	446	5
1456666578	488	452	5
1456666581	487	455	5
1456666584	487	461	5
1456666587	487	457	5
1456666590	488	387	5
1456666593	480	176	6
1456666596	459	194	3
1456666599	440	192	3
1456666602	425	185	3
1456666605	426	187	3
1456666608	425	186	3
1456666611	424	186	3
1456666614	425	185	3
1456666617	425	184	3
1456666620	425	184	3
1456666623	425	183	3
1456666626	425	182	3
1456666629	425	182	3
1456666632	425	181	3
1456666635	425	180	3
1456666638	425	178	3
1456666641	425	81	3
1456666644	413	71	2
1456666647	400	75	3
1456666650	396	131	3
1456666653	399	165	3
1456666656	417	91	3
1456666659	423	162	3
1456666662	422	166	3
1456666665	423	69	3
1456666668	410	67	2
1456666671	400	66	2
1456666674	389	64	2
1456666677	383	64	2
1456666680	389	62	2
1456666683	388	63	2
1456666686	388	63	2
1456666689	387	64	3
1456666692	394	123	3
1456666695	404	166	3
1456666698	415	174	3
1456666701	424	177	3
1456666704	424	182	3
1456666707	426	184	3
1456666710	425	209	5
1456666713	437	352	5
1456666716	454	431	5
1456666719	470	455	5
1456666722	483	450	5
1456666725	484	453	5
1456666728	487	454	5
1456666731	487	457	5
1456666734	486	462	5
1456666737	487	454	5
1456666740	487	451	5
1456666743	486	459	5
1456666746	487	457	5
1456666749	486	459	5
1456666752	487	460	5
1456666755	487	459	5
1456666758	486	319	6
1456666761	471	177	3
1456666764	452	169	3
1456666767	433	0	3
1456666995	355	0	1
1456666998	358	15	1
1456667001	354	35	3
1456667004	371	117	3
1456667007	387	161	3
1456667010	415	166	3
1456667013	423	173	3
1456667016	424	196	5
1456667019	437	356	5
1456667022	453	435	5
1456667025	468	457	5
1456667028	481	456	5
1456667031	483	452	5
1456667034	487	460	5
1456667037	488	446	5
1456667040	487	455	5
1456667043	486	464	5
1456667046	487	460	5
1456667049	486	458	5
1456667052	487	461	5
1456667055	487	460	5
1456667058	487	459	5
1456667061	487	460	5
1456667064	487	455	5
1456667067	487	458	5
1456667070	487	456	5
1456667073	487	457	5
1456667076	487	192	7
1456667079	478	155	3
1456667082	457	43	3
1456667085	426	0	2
1456667181	354	1	1
1456667184	357	18	2
1456667187	362	50	2
1456667190	375	86	3
1456667193	393	149	3
1456667196	414	206	5
1456667199	436	364	5
1456667202	454	436	5
1456667205	472	452	5
1456667208	483	451	5
1456667211	485	453	5
1456667214	487	457	5
1456667217	487	449	5
1456667220	486	456	5
1456667223	487	460	5
1456667226	486	261	5
1456667229	471	180	3
1456667232	455	169	3
1456667235	436	174	3
1456667238	426	172	3
1456667241	426	170	3
1456667244	426	167	3
1456667247	425	168	3
1456667250	425	167	3
1456667253	425	166	3
1456667256	425	166	3
1456667259	425	165	3
1456667262	425	165	3
1456667265	425	164	3
1456667268	425	91	3
1456667271	423	159	3
1456667274	423	162	3
1456667277	423	162	3
1456667280	424	164	3
1456667283	425	164	7
1456667286	429	280	5
1456667289	445	401	5
1456667292	461	444	5
1456667295	478	459	5
1456667298	484	456	5
1456667301	485	462	5
1456667304	487	465	5
1456667307	487	462	5
1456667310	486	466	5
1456667313	487	465	5
1456667316	487	451	5
1456667319	488	508	7
1456667322	496	629	7
1456667325	512	684	7
1456667328	532	703	7
1456667331	551	664	7
1456667334	558	669	7
1456667337	561	653	7
1456667340	559	651	7
1456667343	559	645	7
1456667346	558	638	7
1456667349	558	632	7
1456667352	559	625	7
1456667355	559	618	7
1456667358	559	609	7
1456667361	558	605	7
1456667364	558	601	7
1456667367	558	598	7
1456667370	558	593	7
1456667373	558	584	7
1456667376	555	461	7
1456667379	544	340	5
1456667382	516	411	5
1456667385	496	406	5
1456667388	481	404	5
1456667391	486	409	5
1456667394	486	408	5
1456667397	486	408	5
1456667400	486	409	5
1456667403	486	409	5
1456667406	486	408	5
1456667409	486	408	5
1456667412	486	411	5
1456667415	487	403	5
1456667418	487	406	5
1456667421	487	404	5
1456667424	486	403	5
1456667427	487	403	5
1456667430	487	402	5
1456667433	487	403	5
1456667436	487	400	5
1456667439	487	401	5
1456667442	487	400	5
1456667445	487	402	5
1456667448	486	400	5
1456667451	486	400	5
1456667454	486	399	5
1456667457	486	398	5
1456667460	487	397	5
1456667463	487	395	5
1456667466	486	394	5
1456667469	486	391	5
1456667472	486	391	5
1456667475	486	390	5
1456667478	486	388	5
1456667481	486	387	5
1456667484	486	293	5
1456667487	471	158	4
1456667490	453	76	3
1456667493	426	47	3
1456667496	400	28	1
1456667499	374	0	3
1456669827	354	19	1
1456669830	352	27	1
1456669833	353	33	3
1456669836	367	119	3
1456669839	385	128	3
1456669842	411	138	7
1456669845	429	230	5
1456669848	447	351	5
1456669851	462	377	5
1456669854	479	387	5
1456669857	482	394	5
1456669860	485	402	5
1456669863	486	404	5
1456669866	485	404	5
1456669869	485	413	5
1456669872	486	420	5
1456669875	485	423	5
1456669878	486	423	5
1456669881	486	423	5
1456669884	485	433	5
1456669887	485	428	5
1456669890	486	430	5
1456669893	486	429	5
1456669896	486	435	5
1456669899	486	435	5
1456669902	486	437	5
1456669905	486	439	5
1456669908	486	438	5
1456669911	486	442	5
1456669914	486	444	5
1456669917	486	443	5
1456669920	486	444	5
1456669923	490	50	5
1456669926	487	136	5
1456669929	485	307	5
1456669932	478	424	5
1456669935	473	452	5
1456669938	476	446	5
1456669941	481	440	5
1456669944	486	438	5
1456669947	488	435	5
1456669950	486	439	5
1456669953	486	441	5
1456669956	485	446	5
1456669959	485	441	5
1456669962	486	444	5
1456669965	486	445	5
1456669968	485	445	5
1456669971	486	447	5
1456669974	485	446	5
1456669977	486	336	5
1456669980	473	323	4
1456669983	461	320	5
1456669986	454	403	5
1456669989	458	441	5
1456669992	473	449	5
1456669995	484	443	5
1456669998	484	447	5
1456670001	486	449	5
1456670004	486	445	5
1456670007	486	447	5
1456670010	486	444	5
1456670013	486	444	5
1456670016	486	441	5
1456670019	486	441	5
1456670022	486	441	5
1456670025	486	443	5
1456670028	486	442	5
1456670031	486	393	5
1456670034	482	175	3
1456670037	459	0	3
1456670085	352	0	1
1456670088	356	14	3
1456670091	361	102	3
1456670094	384	178	3
1456670097	402	183	3
1456670100	421	187	3
1456670103	423	190	3
1456670106	425	190	3
1456670109	424	194	3
1456670112	425	194	3
1456670115	425	197	3
1456670118	425	196	3
1456670121	424	197	3
1456670124	424	197	3
1456670127	424	197	3
1456670130	424	199	3
1456670133	424	199	3
1456670136	424	202	3
1456670139	425	203	3
1456670142	425	202	3
1456670145	424	201	3
1456670148	424	203	3
1456670151	424	202	3
1456670154	424	201	3
1456670157	424	199	3
1456670160	425	196	3
1456670163	424	195	3
1456670166	425	193	3
1456670169	424	190	3
1456670172	425	188	3
1456670175	424	187	3
1456670178	425	184	3
1456670181	425	182	3
1456670184	425	179	3
1456670187	424	176	3
1456670190	424	174	3
1456670193	424	121	3
1456670196	417	60	3
1456670199	406	28	1
1456670202	378	33	1
1456670205	358	31	1
1456670208	349	29	1
1456670211	350	0	3
1456670238	354	0	1
1456670241	356	5	3
1456670244	361	53	3
1456670247	382	133	3
1456670250	399	154	3
1456670253	419	159	3
1456670256	425	167	3
1456670259	426	171	3
1456670262	425	175	3
1456670265	425	176	3
1456670268	425	180	3
1456670271	425	181	3
1456670274	425	181	3
1456670277	425	183	3
1456670280	425	184	3
1456670283	425	186	3
1456670286	425	186	3
1456670289	425	186	3
1456670292	425	185	3
1456670295	425	183	3
1456670298	425	183	3
1456670301	425	182	3
1456670304	425	181	3
1456670307	425	179	3
1456670310	425	178	3
1456670313	425	178	3
1456670316	425	176	3
1456670319	425	175	3
1456670322	425	175	3
1456670325	425	175	3
1456670328	425	176	3
1456670331	425	176	3
1456670334	425	177	3
1456670337	425	177	3
1456670340	425	178	3
1456670343	425	178	3
1456670346	425	178	3
1456670349	425	178	3
1456670352	425	179	3
1456670355	425	180	3
1456670358	425	180	3
1456670361	425	181	3
1456670364	425	181	3
1456670367	425	181	3
1456670370	425	182	3
1456670373	425	183	3
1456670376	425	182	3
1456670379	425	183	3
1456670382	426	183	3
1456670385	426	183	3
1456670388	426	182	3
1456670391	426	183	3
1456670394	426	183	3
1456670397	425	183	3
1456670400	425	182	3
1456670403	425	184	3
1456670406	425	184	3
1456670409	425	184	3
1456670412	426	183	3
1456670415	425	185	3
1456670418	425	184	3
1456670421	425	109	3
1456670424	417	67	2
1456670427	401	32	1
1456670430	371	0	2
1456670742	355	17	1
1456670745	353	41	1
1456670748	350	40	1
1456670751	351	41	1
1456670754	349	42	1
1456670757	355	43	1
1456670760	354	43	1
1456670763	354	44	1
1456670766	354	44	1
1456670769	355	44	1
1456670772	354	45	1
1456670775	355	45	1
1456670778	354	45	1
1456670781	354	44	1
1456670784	354	39	1
1456670787	352	0	3
1456671003	353	7	1
1456671006	354	29	1
1456671009	356	30	1
1456671012	356	53	3
1456671015	371	133	3
1456671018	395	139	3
1456671021	415	147	3
1456671024	425	151	3
1456671027	425	155	3
1456671030	425	157	3
1456671033	425	162	3
1456671036	426	199	7
1456671039	441	333	5
1456671042	457	394	5
1456671045	474	403	5
1456671048	483	403	5
1456671051	483	408	5
1456671054	486	411	5
1456671057	485	411	5
1456671060	485	418	5
1456671063	486	420	5
1456671066	485	419	5
1456671069	486	427	5
1456671072	485	429	5
1456671075	485	432	5
1456671078	485	172	7
1456671081	469	209	3
1456671084	451	184	3
1456671087	432	191	3
1456671090	420	188	3
1456671093	424	48	1
1456671096	403	57	1
1456671099	378	58	1
1456671102	357	56	1
1456671105	345	57	1
1456671108	353	56	1
1456671111	353	63	3
1456671114	362	120	2
1456671117	371	121	2
1456671120	382	121	2
1456671123	386	122	2
1456671126	387	125	3
1456671129	389	117	2
1456671132	388	122	2
1456671135	388	122	2
1456671138	387	122	3
1456671141	392	189	3
1456671144	403	183	3
1456671147	414	183	3
1456671150	424	184	3
1456671153	424	183	3
1456671156	425	183	3
1456671159	424	181	3
1456671162	425	183	3
1456671165	425	184	3
1456671168	425	185	3
1456671171	425	134	3
1456671174	413	132	2
1456671177	399	126	2
1456671180	388	124	2
1456671183	381	125	2
1456671186	388	124	2
1456671189	387	124	2
1456671192	388	124	2
1456671195	387	124	2
1456671198	387	124	2
1456671201	387	124	2
1456671204	387	124	2
1456671207	388	123	2
1456671210	387	123	2
1456671213	388	123	2
1456671216	389	49	2
1456671219	376	0	3
1456671504	354	8	1
1456671507	357	35	1
1456671510	352	41	1
1456671513	352	41	1
1456671516	349	45	1
1456671519	355	44	1
1456671522	354	45	1
1456671525	355	45	1
1456671528	355	45	1
1456671531	355	46	1
1456671534	355	47	1
1456671537	354	46	1
1456671540	355	46	1
1456671543	354	47	1
1456671546	355	46	1
1456671549	354	47	1
1456671552	355	47	1
1456671555	354	47	1
1456671558	355	0	3
1456671573	354	2	1
1456671576	352	34	1
1456671579	349	39	1
1456671582	351	41	1
1456671585	347	41	1
1456671588	353	0	3
1456678410	353	0	1
1456678413	357	35	1
1456678416	353	31	1
1456678419	353	35	3
1456678422	362	117	3
1456678425	385	132	3
1456678428	405	142	7
1456678431	429	242	5
1456678434	448	360	5
1456678437	463	382	5
1456678440	480	383	5
1456678443	483	395	5
1456678446	485	402	5
1456678449	486	403	5
1456678452	485	409	5
1456678455	486	412	5
1456678458	485	414	5
1456678461	486	417	5
1456678464	485	416	5
1456678467	486	420	5
1456678470	486	211	5
1456678473	476	189	3
1456678476	455	183	3
1456678479	437	182	3
1456678482	421	181	3
1456678485	426	180	3
1456678488	425	181	3
1456678491	425	181	3
1456678494	425	181	3
1456678497	425	181	3
1456678500	425	181	3
1456678503	425	182	3
1456678506	425	182	3
1456678509	425	182	3
1456678512	425	181	3
1456678515	425	181	3
1456678518	425	181	3
1456678521	425	181	3
1456678524	425	181	3
1456678527	425	180	7
1456678530	427	245	5
1456678533	444	373	5
1456678536	459	419	5
1456678539	476	427	5
1456678542	483	462	7
1456678545	495	607	7
1456678548	515	677	7
1456678551	531	692	7
1456678554	545	709	7
1456678557	552	710	7
1456678560	557	715	7
1456678563	558	722	7
1456678566	559	717	7
1456678569	557	720	7
1456678572	557	726	7
1456678575	556	731	7
1456678578	557	724	7
1456678581	558	724	7
1456678584	557	736	7
1456678587	556	755	7
1456678590	554	748	7
1456678593	557	726	7
1456678596	556	727	7
1456678599	558	728	7
1456678602	557	718	7
1456678605	557	726	7
1456678608	555	461	6
1456678611	531	452	5
1456678614	512	441	5
1456678617	491	449	5
1456678620	487	440	5
1456678623	485	445	5
1456678626	486	439	5
1456678629	486	439	5
1456678632	485	444	5
1456678635	485	445	5
1456678638	484	445	5
1456678641	485	449	5
1456678644	486	446	5
1456678647	485	449	5
1456678650	485	446	5
1456678653	485	451	5
1456678656	485	454	5
1456678659	485	450	5
1456678662	485	451	5
1456678665	485	450	5
1456678668	485	450	5
1456678671	485	455	5
1456678674	485	452	5
1456678677	485	454	5
1456678680	485	453	5
1456678683	485	457	5
1456678686	485	455	5
1456678689	485	455	5
1456678692	485	460	5
1456678695	485	456	5
1456678698	485	455	5
1456678701	485	453	5
1456678704	485	455	5
1456678707	485	455	5
1456678710	485	453	5
1456678713	485	458	5
1456678716	485	454	5
1456678719	485	454	5
1456678722	485	456	5
1456678725	485	457	5
1456678728	485	452	5
1456678731	485	456	5
1456678734	485	457	5
1456678737	485	453	5
1456678740	485	460	5
1456678743	485	460	5
1456678746	485	320	5
1456678749	470	343	5
1456678752	470	391	5
1456678755	466	171	3
1456678758	453	193	3
1456678761	444	35	3
1456678764	408	28	1
1456678767	377	34	1
1456678770	358	32	1
1456678773	347	0	3
1456678860	354	4	2
1456678863	361	54	3
1456678866	378	122	3
1456678869	398	201	7
1456678872	429	372	5
1456678875	453	430	5
1456678878	471	489	7
1456678881	493	627	7
1456678884	515	705	7
1456678887	538	736	7
1456678890	554	734	7
1456678893	557	737	7
1456678896	557	747	7
1456678899	558	749	7
1456678902	556	746	7
1456678905	557	752	7
1456678908	556	754	7
1456678911	556	749	7
1456678914	557	753	7
1456678917	556	758	7
1456678920	556	759	7
1456678923	557	753	7
1456678926	558	751	7
1456678929	557	753	7
1456678932	556	752	7
1456678935	556	746	7
1456678938	557	748	7
1456678941	556	749	7
1456678944	556	749	7
1456678947	556	783	9
1456678950	563	866	9
1456678953	573	903	9
1456678956	583	916	9
1456678959	591	939	9
1456678962	595	972	9
1456678965	603	1006	9
1456678968	613	1045	9
1456678971	623	1041	9
1456678974	630	1030	9
1456678977	633	968	9
1456678980	629	640	7
1456678983	601	439	7
1456678986	556	460	7
1456678989	510	160	3
1456678992	468	181	3
1456678995	443	173	3
1456678998	428	174	3
1456679001	424	174	3
1456679004	425	123	3
1456679007	418	60	3
1456679010	404	70	3
1456679013	397	28	1
1456679016	369	35	1
1456679019	364	0	3
1456679043	354	1	3
1456679046	358	41	2
1456679049	365	71	3
1456679052	382	157	3
1456679055	399	193	3
1456679058	416	202	7
1456679061	434	331	5
1456679064	452	454	5
1456679067	466	451	5
1456679070	479	449	5
1456679073	481	445	5
1456679076	485	446	5
1456679079	487	445	5
1456679082	487	161	7
1456679085	469	215	3
1456679088	450	208	7
1456679091	442	324	5
1456679094	449	416	5
1456679097	467	519	7
1456679100	483	567	7
1456679103	502	684	7
1456679106	528	702	7
1456679109	549	714	7
1456679112	557	725	7
1456679115	558	725	7
1456679118	557	723	7
1456679121	557	724	7
1456679124	557	729	7
1456679127	556	732	7
1456679130	557	729	7
1456679133	557	728	7
1456679136	557	733	7
1456679139	556	727	7
1456679142	556	733	7
1456679145	556	737	7
1456679148	556	737	7
1456679151	556	736	7
1456679154	556	740	7
1456679157	556	739	7
1456679160	557	734	7
1456679163	557	734	7
1456679166	557	737	7
1456679169	556	699	7
1456679172	557	727	7
1456679175	554	411	5
1456679178	527	461	5
1456679181	506	456	5
1456679184	485	449	5
1456679187	485	452	5
1456679190	486	455	5
1456679193	485	455	5
1456679196	486	457	5
1456679199	485	455	5
1456679202	486	455	5
1456679205	486	455	5
1456679208	486	458	5
1456679211	486	458	5
1456679214	486	456	5
1456679217	486	456	5
1456679220	486	455	5
1456679223	486	456	5
1456679226	485	455	5
1456679229	486	454	5
1456679232	486	454	5
1456679235	485	457	5
1456679238	485	456	5
1456679241	485	458	5
1456679244	485	457	5
1456679247	486	483	7
1456679250	495	611	7
1456679253	515	712	7
1456679256	534	732	9
1456679259	552	804	9
1456679262	562	877	9
1456679265	572	890	9
1456679268	583	919	9
1456679271	590	959	9
1456679274	598	1004	9
1456679277	611	1038	9
1456679280	624	1020	9
1456679283	630	1030	9
1456679286	633	1024	9
1456679289	632	1019	9
1456679292	631	1032	9
1456679295	631	1023	9
1456679298	631	1022	9
1456679301	631	1027	9
1456679304	631	1031	9
1456679307	631	1031	9
1456679310	631	1029	9
1456679313	631	1032	9
1456679316	631	1036	9
1456679319	631	1033	9
1456679322	631	1034	9
1456679325	631	1037	9
1456679328	631	1036	9
1456679331	632	678	9
1456679334	608	716	7
1456679337	583	498	7
1456679340	547	460	5
1456679343	512	465	5
1456679346	495	463	5
1456679349	479	461	5
1456679352	484	450	5
1456679355	478	204	6
1456679358	460	171	3
1456679361	439	198	3
1456679364	420	0	2
1456679505	353	0	1
1456679508	355	8	1
1456679511	349	27	2
1456679514	358	64	3
1456679517	372	127	3
1456679520	391	196	6
1456679523	418	269	4
1456679526	431	304	4
1456679529	439	309	4
1456679532	443	308	4
1456679535	444	308	4
1456679538	444	310	4
1456679541	444	310	4
1456679544	444	312	4
1456679547	444	312	5
1456679550	447	383	5
1456679553	459	454	7
1456679556	477	563	7
1456679559	506	686	7
1456679562	527	718	7
1456679565	546	741	7
1456679568	554	729	9
1456679571	558	787	9
1456679574	568	881	9
1456679577	575	880	9
1456679580	582	876	9
1456679583	585	921	9
1456679586	588	925	9
1456679589	592	938	9
1456679592	597	964	9
1456679595	603	992	9
1456679598	611	1022	9
1456679601	621	1031	9
1456679604	628	1021	9
1456679607	632	1023	9
1456679610	632	1029	9
1456679613	632	702	9
1456679616	613	725	7
1456679619	589	737	7
1456679622	566	736	7
1456679625	552	735	7
1456679628	556	744	7
1456679631	556	732	7
1456679634	556	736	7
1456679637	556	739	7
1456679640	556	737	7
1456679643	556	737	7
1456679646	556	736	7
1456679649	556	740	7
1456679652	556	738	7
1456679655	556	739	7
1456679658	556	744	7
1456679661	556	742	7
1456679664	556	746	7
1456679667	556	746	7
1456679670	556	747	7
1456679673	556	748	7
1456679676	555	429	5
1456679679	530	464	5
1456679682	509	458	5
1456679685	488	461	5
1456679688	485	456	5
1456679691	487	456	5
1456679694	486	462	5
1456679697	486	215	5
1456679700	479	194	3
1456679703	458	204	3
1456679706	440	203	3
1456679709	421	203	3
1456679712	426	203	3
1456679715	425	202	3
1456679718	425	202	3
1456679721	424	201	3
1456679724	424	201	3
1456679727	424	199	3
1456679730	424	201	3
1456679733	425	200	3
1456679736	425	199	3
1456679739	425	197	3
1456679742	425	197	3
1456679745	425	195	3
1456679748	424	197	3
1456679751	427	278	7
1456679754	442	384	5
1456679757	459	430	5
1456679760	476	440	5
1456679763	484	437	5
1456679766	484	437	5
1456679769	487	436	5
1456679772	486	436	5
1456679775	486	438	5
1456679778	486	439	5
1456679781	486	440	5
1456679784	486	439	5
1456679787	486	438	5
1456679790	486	436	5
1456679793	486	435	5
1456679796	486	159	7
1456679799	471	206	3
1456679802	453	188	3
1456679805	434	189	3
1456679808	421	188	3
1456679811	424	189	3
1456679814	424	189	3
1456679817	424	192	7
1456679820	431	169	5
1456679823	443	87	5
1456679826	460	246	5
1456679829	473	390	5
1456679832	474	419	5
1456679835	477	429	5
1456679838	480	424	5
1456679841	484	432	5
1456679844	486	189	7
1456679847	473	195	3
1456679850	453	188	3
1456679853	436	187	3
1456679856	421	187	3
1456679859	425	185	3
1456679862	424	184	3
1456679865	424	182	3
1456679868	424	182	3
1456679871	424	183	3
1456679874	424	184	3
1456679877	424	184	3
1456679880	424	183	3
1456679883	424	182	3
1456679886	424	181	3
1456679889	424	181	3
1456679892	424	180	3
1456679895	424	181	3
1456679898	424	180	3
1456679901	424	181	3
1456679904	424	181	3
1456679907	424	181	3
1456679910	424	181	3
1456679913	424	181	3
1456679916	424	182	3
1456679919	424	182	3
1456679922	424	183	3
1456679925	424	183	3
1456679928	424	183	3
1456679931	424	182	3
1456679934	424	181	3
1456679937	424	181	3
1456679940	424	181	3
1456679943	424	182	3
1456679946	424	181	3
1456679949	424	182	3
1456679952	424	180	3
1456679955	424	179	3
1456679958	424	180	3
1456679961	424	181	3
1456679964	424	180	3
1456679967	424	180	3
1456679970	424	180	3
1456679973	424	182	3
1456679976	424	182	3
1456679979	424	183	3
1456679982	424	182	3
1456679985	424	183	3
1456679988	424	182	7
1456679991	431	276	5
1456679994	449	397	5
1456679997	463	431	7
1456680000	485	536	7
1456680003	505	658	7
1456680006	528	693	7
1456680009	548	741	9
1456680012	560	853	9
1456680015	569	857	9
1456680018	581	880	11
1456680021	588	914	11
1456680024	594	950	11
1456680027	599	970	11
1456680030	605	1000	13
1456680033	611	1083	13
1456680036	617	1108	13
1456680039	625	1156	13
1456680042	635	1227	13
1456680045	651	1317	13
1456680048	676	1465	13
1456680051	714	1508	13
1456680054	746	1611	13
1456680057	771	1604	13
1456680060	781	1610	13
1456680063	778	1623	13
1456680066	781	1617	13
1456680069	780	1620	13
1456680072	780	1624	13
1456680075	781	1630	13
1456680078	781	1623	13
1456680081	781	1631	13
1456680084	781	1671	13
1456680087	780	1637	13
1456680090	781	1614	13
1456680093	782	1618	13
1456680096	782	1620	13
1456680099	781	1617	13
1456680102	780	1615	13
1456680105	780	1613	13
1456680108	780	1615	13
1456680111	780	1606	13
1456680114	780	1609	13
1456680117	780	1617	13
1456680120	781	1615	13
1456680123	781	1607	13
1456680126	781	1615	13
1456680129	781	1624	13
1456680132	780	1620	13
1456680135	780	1615	13
1456680138	780	1609	13
1456680141	780	1617	13
1456680144	780	1623	13
1456680147	780	1622	13
1456680150	780	1623	13
1456680153	780	1618	13
1456680156	780	1626	13
1456680159	780	1625	13
1456680162	781	1624	13
1456680165	781	1629	13
1456680168	781	1628	13
1456680171	781	1626	13
1456680174	780	1618	13
1456680177	780	1626	13
1456680180	780	1623	13
1456680183	779	1625	13
1456680186	779	1628	13
1456680189	779	1622	13
1456680192	780	1629	13
1456680195	781	1621	13
1456680198	781	1623	13
1456680201	781	1627	13
1456680204	780	1628	13
1456680207	780	1622	13
1456680210	780	1628	13
1456680213	780	1621	13
1456680216	780	1627	13
1456680219	781	1623	13
1456680222	781	1626	13
1456680225	781	1620	13
1456680228	781	1626	13
1456680231	781	1627	13
1456680234	781	1623	13
1456680237	781	1625	13
1456680240	780	1628	13
1456680243	781	1626	13
1456680246	780	1630	13
1456680249	780	1623	13
1456680252	780	1622	13
1456680255	780	1628	13
1456680258	780	1626	13
1456680261	780	1625	13
1456680264	781	1630	13
1456680267	780	1618	13
1456680270	781	1630	13
1456680273	781	1632	13
1456680276	781	1623	13
1456680279	781	1621	13
1456680282	781	1621	13
1456680285	781	1618	13
1456680288	781	1624	13
1456680291	781	1621	13
1456680294	781	1617	13
1456680297	781	1623	13
1456680300	781	1630	13
1456680303	780	1630	13
1456680306	781	1628	13
1456680309	782	1616	13
1456680312	782	1615	13
1456680315	782	1617	13
1456680318	781	1618	13
1456680321	781	1624	13
1456680324	782	1613	13
1456680327	782	1623	13
1456680330	781	1622	13
1456680333	781	1625	13
1456680336	781	1616	13
1456680339	781	1619	13
1456680342	781	1621	13
1456680345	781	1627	13
1456680348	781	1615	13
1456680351	781	1628	13
1456680354	781	1623	13
1456680357	782	1625	13
1456680360	782	1624	13
1456680363	781	1624	13
1456680366	781	1621	13
1456680369	781	1626	13
1456680372	781	1631	13
1456680375	782	1626	13
1456680378	782	1627	13
1456680381	782	1622	13
1456680384	782	1618	13
1456680387	782	1621	13
1456680390	782	1622	13
1456680393	782	1621	13
1456680396	782	1622	13
1456680399	781	1621	13
1456680402	781	1623	13
1456680405	781	1620	13
1456680408	781	1617	13
1456680411	781	1617	13
1456680414	781	1629	13
1456680417	781	1624	13
1456680420	781	1625	13
1456680423	781	1621	13
1456680426	781	1629	13
1456680429	781	1619	13
1456680432	782	1629	13
1456680435	781	1358	13
1456680438	761	1323	12
1456680441	742	1313	11
1456680444	721	1327	11
1456680447	715	1321	11
1456680450	714	1318	11
1456680453	708	1134	10
1456680456	690	831	10
1456680459	660	929	9
1456680462	627	757	8
1456680465	599	743	7
1456680468	567	563	6
1456680471	532	422	5
1456680474	502	325	6
1456680477	467	150	3
1456680480	438	68	2
1456680483	409	0	2
1456680945	353	0	1
1456680948	354	7	1
1456680951	354	37	2
1456680954	365	79	3
1456680957	384	189	7
1456680960	410	299	5
1456680963	443	425	5
1456680966	462	443	5
1456680969	479	451	5
1456680972	482	447	5
1456680975	486	450	5
1456680978	487	452	5
1456680981	486	451	5
1456680984	486	454	5
1456680987	486	451	5
1456680990	486	450	5
1456680993	486	453	5
1456680996	486	449	5
1456680999	486	450	5
1456681002	486	455	5
1456681005	486	456	5
1456681008	486	457	5
1456681011	486	463	7
1456681014	490	572	7
1456681017	505	691	7
1456681020	522	709	7
1456681023	537	691	7
1456681026	548	742	7
1456681029	553	745	7
1456681032	558	747	7
1456681035	559	430	7
1456681038	535	499	7
1456681041	525	618	7
1456681044	526	726	9
1456681047	541	777	8
1456681050	564	807	9
1456681053	571	861	9
1456681056	575	846	9
1456681059	574	845	9
1456681062	570	847	9
1456681065	566	837	9
1456681068	563	825	9
1456681071	559	814	9
1456681074	554	790	9
1456681077	551	782	8
1456681080	553	586	7
1456681083	540	359	5
1456681086	510	194	6
1456681089	468	187	3
1456681092	434	0	3
1456681443	354	0	1
1456681446	357	13	1
1456681449	352	52	3
1456681452	360	105	3
1456681455	371	173	3
1456681458	392	180	3
1456681461	411	184	3
1456681464	423	185	3
1456681467	425	186	3
1456681470	425	187	3
1456681473	425	188	3
1456681476	425	189	3
1456681479	425	190	3
1456681482	425	191	3
1456681485	425	191	3
1456681488	425	191	3
1456681491	425	191	3
1456681494	425	190	3
1456681497	425	190	3
1456681500	425	190	3
1456681503	425	191	3
1456681506	425	192	3
1456681509	425	159	3
1456681512	417	113	2
1456681515	402	130	3
1456681518	391	127	2
1456681521	382	129	2
1456681524	387	130	2
1456681527	387	165	3
1456681530	398	190	3
1456681533	410	193	3
1456681536	421	191	3
1456681539	425	191	3
1456681542	425	191	3
1456681545	425	189	3
1456681548	424	188	3
1456681551	425	189	3
1456681554	425	188	3
1456681557	425	188	6
1456681560	427	241	4
1456681563	435	330	5
1456681566	452	422	5
1456681569	468	436	5
1456681572	481	433	5
1456681575	485	447	7
1456681578	494	579	7
1456681581	511	690	7
1456681584	527	687	7
1456681587	541	702	7
1456681590	544	719	7
1456681593	547	721	7
1456681596	554	709	7
1456681599	557	716	7
1456681602	556	726	7
1456681605	557	720	7
1456681608	557	716	7
1456681611	558	725	7
1456681614	558	725	7
1456681617	554	407	5
1456681620	529	445	5
1456681623	508	451	7
1456681626	485	177	3
1456681629	461	197	3
1456681632	445	192	3
1456681635	425	191	3
1456681638	424	187	3
1456681641	425	194	7
1456681644	434	315	5
1456681647	452	403	5
1456681650	468	434	5
1456681653	483	453	7
1456681656	495	590	7
1456681659	517	705	7
1456681662	536	721	7
1456681665	552	716	7
1456681668	556	720	7
1456681671	558	721	7
1456681674	559	722	7
1456681677	557	720	7
1456681680	558	721	7
1456681683	558	722	7
1456681686	558	724	7
1456681689	557	729	7
1456681692	557	728	7
1456681695	556	793	7
1456681698	555	750	7
1456681701	556	732	7
1456681704	558	155	7
1456681707	560	326	7
1456681710	558	479	7
1456681713	554	612	7
1456681716	543	699	7
1456681719	543	737	7
1456681722	546	731	7
1456681725	552	730	7
1456681728	557	727	7
1456681731	558	728	7
1456681734	557	726	7
1456681737	557	730	7
1456681740	557	730	7
1456681743	556	732	7
1456681746	557	735	7
1456681749	557	738	7
1456681752	557	735	7
1456681755	557	734	7
1456681758	557	730	7
1456681761	556	734	7
1456681764	557	733	7
1456681767	557	729	7
1456681770	557	735	7
1456681773	557	736	7
1456681776	557	732	7
1456681779	557	734	7
1456681782	557	732	7
1456681785	557	731	7
1456681788	556	440	7
1456681791	542	451	5
1456681794	517	453	5
1456681797	497	444	5
1456681800	481	447	5
1456681803	487	301	5
1456681806	481	179	3
1456681809	459	198	3
1456681812	440	13	3
1456682370	352	0	1
1456682373	357	20	1
1456682376	355	57	2
1456682379	364	82	3
1456682382	377	173	3
1456682385	401	197	4
1456682388	419	277	5
1456682391	439	377	5
1456682394	457	459	6
1456682397	476	573	7
1456682400	496	634	8
1456682403	514	704	9
1456682406	535	736	9
1456682409	554	751	9
1456682412	572	807	9
1456682415	589	851	9
1456682418	606	881	9
1456682421	621	897	9
1456682424	629	895	9
1456682427	632	914	9
1456682430	631	921	9
1456682433	630	933	9
1456682436	630	937	9
1456682439	630	952	9
1456682442	631	942	9
1456682445	632	954	9
1456682448	630	964	9
1456682451	630	1009	9
1456682454	627	1008	9
1456682457	626	995	9
1456682460	629	1013	9
1456682463	629	1014	9
1456682466	630	1024	9
1456682469	630	1028	9
1456682472	631	1027	9
1456682475	632	1036	9
1456682478	632	1041	9
1456682481	632	1028	9
1456682484	632	1022	9
1456682487	632	1028	9
1456682490	631	1024	9
1456682493	631	1025	9
1456682496	632	696	9
1456682499	610	728	7
1456682502	585	466	7
1456682505	550	462	5
1456682508	515	193	7
1456682511	488	213	3
1456682514	451	121	3
1456682517	432	0	3
1456683513	351	0	1
1456683516	353	18	2
1456683519	358	64	3
1456683522	376	138	3
1456683525	393	202	6
1456683528	421	288	5
1456683531	442	472	7
1456683534	464	546	7
1456683537	498	648	7
1456683540	528	668	9
1456683543	553	683	9
1456683546	574	781	9
1456683549	591	827	9
1456683552	609	905	9
1456683555	621	901	11
1456683558	625	933	11
1456683561	627	891	11
1456683564	633	954	11
1456683567	647	1005	11
1456683570	664	1065	11
1456683573	683	1126	11
1456683576	699	1152	11
1456683579	708	1167	11
1456683582	712	1237	11
1456683585	711	1229	11
1456683588	711	1294	11
1456683591	710	1312	11
1456683594	712	1318	11
1456683597	713	1287	11
1456683600	710	1335	11
1456683603	711	1343	11
1456683606	710	1326	11
1456683609	713	1331	11
1456683612	716	1335	11
1456683615	711	880	9
1456683618	684	760	9
1456683621	649	626	7
1456683624	595	511	7
1456683627	559	434	5
1456683630	514	472	7
1456683633	497	150	3
1456683636	456	181	3
1456683639	444	173	3
1456683642	425	174	3
1456683645	426	170	3
1456683648	425	172	3
1456683651	425	172	3
1456683654	425	172	3
1456683657	425	174	3
1456683660	425	173	3
1456683663	425	174	3
1456683666	425	174	3
1456683669	425	175	5
1456683672	429	293	5
1456683675	445	387	5
1456683678	461	448	5
1456683681	477	482	7
1456683684	492	615	7
1456683687	513	707	7
1456683690	536	729	7
1456683693	553	729	7
1456683696	557	736	7
1456683699	558	730	7
1456683702	557	726	7
1456683705	557	727	7
1456683708	557	724	7
1456683711	557	719	7
1456683714	557	711	7
1456683717	557	710	7
1456683720	557	433	7
1456683723	532	470	5
1456683726	511	471	5
1456683729	490	467	5
1456683732	484	471	5
1456683735	486	471	5
1456683738	485	469	5
1456683741	485	470	5
1456683744	486	473	5
1456683747	485	471	5
1456683750	486	475	5
1456683753	486	470	5
1456683756	486	470	5
1456683759	486	470	5
1456683762	486	467	5
1456683765	486	470	5
1456683768	487	467	5
1456683771	486	468	5
1456683774	486	470	5
1456683777	486	466	5
1456683780	486	465	5
1456683783	486	467	5
1456683786	486	468	5
1456683789	486	465	5
1456683792	486	277	7
1456683795	481	155	3
1456683798	457	185	3
1456683801	440	179	3
1456683804	421	178	3
1456683807	425	179	3
1456683810	424	177	3
1456683813	424	178	3
1456683816	424	177	3
1456683819	423	176	3
1456683822	424	175	3
1456683825	424	174	3
1456683828	424	174	3
1456683831	424	175	3
1456683834	424	190	7
1456683837	432	334	5
1456683840	449	415	5
1456683843	466	457	5
1456683846	481	458	5
1456683849	485	460	5
1456683852	487	462	5
1456683855	487	460	5
1456683858	486	462	5
1456683861	487	453	5
1456683864	486	463	5
1456683867	486	466	5
1456683870	486	464	5
1456683873	486	463	5
1456683876	486	462	5
1456683879	486	462	5
1456683882	486	462	5
1456683885	486	463	5
1456683888	486	462	5
1456683891	486	460	5
1456683894	486	460	5
1456683897	486	458	5
1456683900	486	459	5
1456683903	486	455	5
1456683906	486	166	7
1456683909	466	187	3
1456683912	448	181	3
1456683915	430	178	3
1456683918	422	175	3
1456683921	424	173	3
1456683924	424	171	3
1456683927	424	170	3
1456683930	424	170	3
1456683933	424	171	3
1456683936	424	171	3
1456683939	424	169	3
1456683942	424	169	3
1456683945	424	170	3
1456683948	424	171	3
1456683951	424	173	3
1456683954	424	173	3
1456683957	424	173	3
1456683960	424	176	3
1456683963	423	176	3
1456683966	423	176	3
1456683969	424	176	3
1456683972	424	176	3
1456683975	425	176	3
1456683978	425	176	3
1456683981	425	176	3
1456683984	425	176	3
1456683987	425	175	3
1456683990	425	174	3
1456683993	425	174	3
1456683996	425	173	3
1456683999	425	174	3
1456684002	425	174	3
1456684005	425	174	3
1456684008	425	176	3
1456684011	425	175	3
1456684014	424	177	3
1456684017	424	179	3
1456684020	424	181	3
1456684023	424	182	3
1456684026	424	186	3
1456684029	425	186	3
1456684032	424	190	3
1456684035	425	190	3
1456684038	424	193	3
1456684041	424	195	3
1456684044	424	197	3
1456684047	424	199	3
1456684050	424	201	3
1456684053	424	202	3
1456684056	424	205	3
1456684059	424	204	3
1456684062	424	206	3
1456684065	424	207	3
1456684068	424	208	3
1456684071	425	207	3
1456684074	425	208	3
1456684077	425	208	3
1456684080	424	207	3
1456684083	424	207	3
1456684086	424	209	3
1456684089	424	207	3
1456684092	424	206	3
1456684095	424	204	3
1456684098	424	205	3
1456684101	424	206	3
1456684104	424	205	3
1456684107	424	207	3
1456684110	424	209	3
1456684113	424	209	3
1456684116	424	210	3
1456684119	424	210	3
1456684122	424	210	3
1456684125	422	53	2
1456684128	399	21	3
1456684224	353	0	1
1456684227	359	28	2
1456684230	368	96	3
1456684233	388	190	6
1456684236	409	252	5
1456684239	437	373	7
1456684242	457	527	7
1456684245	488	619	7
1456684248	520	662	7
1456684251	544	702	7
1456684254	557	689	7
1456684257	560	710	7
1456684260	557	724	7
1456684263	557	736	7
1456684266	558	730	7
1456684269	557	734	7
1456684272	559	738	7
1456684275	558	738	7
1456684278	558	734	7
1456684281	558	732	7
1456684284	558	728	7
1456684287	558	722	7
1456684290	552	423	5
1456684293	527	165	5
1456684296	486	211	3
1456684299	447	196	3
1456684302	432	0	3
1456685058	353	0	1
1456685061	355	49	1
1456685064	350	34	1
1456685067	352	31	1
1456685070	350	33	1
1456685073	357	38	3
1456685076	368	132	3
1456685079	390	136	3
1456685082	409	143	3
1456685085	424	152	5
1456685088	430	222	4
1456685091	434	275	5
1456685094	449	383	5
1456685097	464	398	5
1456685100	478	394	5
1456685103	486	403	5
1456685106	488	408	5
1456685109	488	410	5
1456685112	487	416	5
1456685115	488	417	5
1456685118	487	423	5
1456685121	488	423	5
1456685124	488	422	5
1456685127	488	428	5
1456685130	488	434	5
1456685133	488	428	5
1456685136	488	432	5
1456685139	488	437	5
1456685142	487	439	5
1456685145	487	437	5
1456685148	488	443	5
1456685151	488	437	5
1456685154	488	440	5
1456685157	488	444	5
1456685160	488	443	5
1456685163	487	442	5
1456685166	487	445	5
1456685169	487	165	7
1456685172	471	215	3
1456685175	452	192	3
1456685178	433	197	3
1456685181	422	191	3
1456685184	425	194	3
1456685187	425	196	3
1456685190	424	196	3
1456685193	424	194	3
1456685196	423	41	1
1456685199	398	0	2
1456685220	353	0	1
1456685223	359	9	1
1456685226	350	31	2
1456685229	357	69	2
1456685232	365	85	3
1456685235	385	184	4
1456685238	409	249	5
1456685241	429	359	5
1456685244	452	446	5
1456685247	469	457	7
1456685250	486	556	7
1456685253	505	676	7
1456685256	528	719	7
1456685259	547	739	7
1456685262	557	774	9
1456685265	565	860	9
1456685268	574	884	9
1456685271	581	887	9
1456685274	583	885	9
1456685277	582	890	9
1456685280	581	892	9
1456685283	581	899	9
1456685286	581	903	9
1456685289	582	907	9
1456685292	584	921	9
1456685295	586	931	9
1456685298	590	943	11
1456685301	595	986	11
1456685304	602	1005	11
1456685307	611	1049	11
1456685310	625	1112	11
1456685313	644	1208	11
1456685316	670	1295	11
1456685319	695	1411	13
1456685322	724	1522	13
1456685325	749	1617	13
1456685328	766	1656	13
1456685331	779	1638	13
1456685334	779	1641	13
1456685337	780	1638	13
1456685340	779	1641	13
1456685343	779	1635	13
1456685346	779	1645	13
1456685349	779	1648	13
1456685352	780	1639	13
1456685355	780	1642	13
1456685358	780	1645	13
1456685361	778	1134	11
1456685364	753	973	11
1456685367	717	837	9
1456685370	668	561	9
1456685373	618	516	7
1456685376	568	462	6
1456685379	530	355	5
1456685382	499	157	7
1456685385	470	68	3
1456685388	440	0	2
1456685448	354	0	1
1456685451	357	11	2
1456685454	360	43	3
1456685457	377	93	3
1456685460	396	144	4
1456685463	422	282	5
1456685466	440	391	7
1456685469	460	531	7
1456685472	486	567	7
1456685475	511	660	7
1456685478	534	700	9
1456685481	551	782	9
1456685484	569	844	9
1456685487	582	833	9
1456685490	593	872	9
1456685493	602	905	9
1456685496	614	930	9
1456685499	624	935	9
1456685502	630	946	9
1456685505	633	923	9
1456685508	633	901	9
1456685511	634	888	9
1456685514	634	882	9
1456685517	633	876	9
1456685520	633	861	9
1456685523	633	848	9
1456685526	633	844	9
1456685529	631	552	7
1456685532	605	597	7
1456685535	581	386	7
1456685538	534	416	5
1456685541	508	161	5
1456685544	473	161	3
1456685547	447	159	3
1456685550	431	30	1
1456685553	398	0	3
1456685733	356	3	2
1456685736	355	40	3
1456685739	375	95	3
1456685742	395	161	6
1456685745	420	295	5
1456685748	439	386	5
1456685751	456	444	7
1456685754	473	548	7
1456685757	501	671	7
1456685760	524	713	7
1456685763	546	724	7
1456685766	554	749	7
1456685769	557	753	7
1456685772	558	751	7
1456685775	558	758	7
1456685778	557	763	7
1456685781	557	763	7
1456685784	557	757	7
1456685787	558	756	7
1456685790	557	754	7
1456685793	557	754	7
1456685796	557	748	7
1456685799	557	752	7
1456685802	557	757	7
1456685805	557	754	7
1456685808	557	749	7
1456685811	557	752	7
1456685814	557	746	7
1456685817	556	738	7
1456685820	556	740	7
1456685823	556	742	7
1456685826	557	730	7
1456685829	558	724	7
1456685832	558	723	7
1456685835	554	431	5
1456685838	527	472	5
1456685841	506	470	5
1456685844	482	298	5
1456685847	471	403	5
1456685850	472	451	5
1456685853	469	406	5
1456685856	476	399	5
1456685859	476	447	5
1456685862	479	465	5
1456685865	481	462	5
1456685868	487	460	5
1456685871	487	463	5
1456685874	487	466	5
1456685877	487	462	5
1456685880	487	463	5
1456685883	486	465	5
1456685886	486	465	5
1456685889	486	463	5
1456685892	486	462	5
1456685895	486	466	5
1456685898	487	464	5
1456685901	486	464	5
1456685904	486	465	5
1456685907	486	465	5
1456685910	486	466	5
1456685913	486	207	5
1456685916	478	162	3
1456685919	456	184	3
1456685922	438	177	3
1456685925	421	177	3
1456685928	426	175	3
1456685931	425	176	3
1456685934	425	174	3
1456685937	425	174	3
1456685940	425	174	3
1456685943	425	173	3
1456685946	425	173	3
1456685949	425	177	5
1456685952	431	319	5
1456685955	448	404	5
1456685958	464	451	7
1456685961	485	580	7
1456685964	505	684	7
1456685967	528	705	7
1456685970	549	704	7
1456685973	556	713	7
1456685976	558	712	7
1456685979	557	709	7
1456685982	557	709	7
1456685985	557	704	7
1456685988	557	652	7
1456685991	548	623	7
1456685994	543	725	7
1456685997	544	464	7
1456686000	531	458	5
1456686003	519	473	5
1456686006	497	469	5
1456686009	481	473	5
1456686012	486	469	5
1456686015	485	474	7
1456686018	489	572	7
1456686021	505	680	7
1456686024	525	761	9
1456686027	548	831	9
1456686030	559	835	9
1456686033	561	842	11
1456686036	561	865	11
1456686039	559	867	11
1456686042	558	868	11
1456686045	555	870	11
1456686048	553	871	11
1456686051	553	894	11
1456686054	556	921	11
1456686057	563	952	11
1456686060	572	988	11
1456686063	583	1020	11
1456686066	596	1106	11
1456686069	616	1236	11
1456686072	643	1367	11
1456686075	678	1326	11
1456686078	700	1366	11
1456686081	716	1334	11
1456686084	715	1334	11
1456686087	716	1332	11
1456686090	714	1333	11
1456686093	714	1341	11
1456686096	714	1337	11
1456686099	713	1337	11
1456686102	714	1345	11
1456686105	714	1342	11
1456686108	714	1336	11
1456686111	714	1346	11
1456686114	714	1340	11
1456686117	714	1337	11
1456686120	714	1343	11
1456686123	714	1344	11
1456686126	714	1350	11
1456686129	714	1345	11
1456686132	714	1345	11
1456686135	714	1348	11
1456686138	714	1345	11
1456686141	714	1343	11
1456686144	714	1342	11
1456686147	714	1339	11
1456686150	714	1339	11
1456686153	714	1341	11
1456686156	714	1345	11
1456686159	713	1342	11
1456686162	714	1343	11
1456686165	714	1350	11
1456686168	714	1351	11
1456686171	714	1347	11
1456686174	714	1349	11
1456686177	714	1347	11
1456686180	714	1204	11
1456686183	709	878	9
1456686186	680	964	9
1456686189	654	1001	9
1456686192	631	1018	9
1456686195	630	1027	9
1456686198	633	1026	9
1456686201	633	1030	9
1456686204	632	1037	9
1456686207	631	1046	9
1456686210	631	1046	9
1456686213	631	1053	9
1456686216	632	1051	9
1456686219	631	1051	9
1456686222	632	1048	9
1456686225	631	1053	9
1456686228	631	1051	9
1456686231	631	1051	9
1456686234	632	1056	9
1456686237	632	1040	9
1456686240	632	1043	9
1456686243	631	1052	9
1456686246	631	1044	9
1456686249	631	1047	9
1456686252	632	1038	9
1456686255	632	1050	9
1456686258	632	1045	9
1456686261	632	1048	9
1456686264	632	1045	9
1456686267	632	1051	9
1456686270	632	1049	9
1456686273	632	1044	9
1456686276	632	1041	9
1456686279	632	1044	9
1456686282	632	1050	9
1456686285	631	1053	9
1456686288	632	1054	9
1456686291	632	1049	9
1456686294	632	1041	9
1456686297	632	1041	9
1456686300	632	1049	9
1456686303	632	1050	9
1456686306	632	1040	9
1456686309	632	1045	9
1456686312	631	1046	9
1456686315	632	1048	9
1456686318	632	1048	9
1456686321	632	1046	9
1456686324	632	1049	9
1456686327	632	1049	9
1456686330	632	1045	9
1456686333	631	1042	9
1456686336	631	1047	9
1456686339	632	1046	9
1456686342	633	1040	9
1456686345	632	1045	9
1456686348	632	1048	9
1456686351	631	1037	9
1456686354	632	1038	9
1456686357	632	1049	9
1456686360	632	1050	9
1456686363	632	1043	9
1456686366	632	1045	9
1456686369	632	1043	9
1456686372	633	1038	9
1456686375	632	1037	9
1456686378	632	1045	9
1456686381	632	1042	9
1456686384	632	1045	9
1456686387	632	1047	9
1456686390	632	1046	9
1456686393	632	1039	9
1456686396	633	1036	9
1456686399	632	1046	9
1456686402	632	1046	9
1456686405	631	1051	9
1456686408	632	1050	9
1456686411	632	1044	9
1456686414	632	1047	9
1456686417	632	1044	9
1456686420	632	1043	9
1456686423	632	1041	9
1456686426	632	1039	9
1456686429	632	1040	9
1456686432	632	1039	9
1456686435	632	1039	9
1456686438	632	1044	9
1456686441	632	1041	9
1456686444	632	1047	9
1456686447	632	1039	9
1456686450	632	1043	9
1456686453	631	1044	9
1456686456	631	1042	9
1456686459	631	1039	9
1456686462	632	1040	9
1456686465	632	1044	9
1456686468	632	1035	9
1456686471	632	1042	9
1456686474	632	1064	9
1456686477	631	1049	9
1456686480	632	1036	9
1456686483	632	1043	9
1456686486	632	1029	9
1456686489	631	1046	9
1456686492	632	1036	9
1456686495	632	1041	9
1456686498	632	1042	9
1456686501	632	1043	9
1456686504	632	1045	9
1456686507	632	1041	9
1456686510	632	1039	9
1456686513	632	914	9
1456686516	626	685	7
1456686519	597	732	7
1456686522	574	750	7
1456686525	551	754	7
1456686528	555	748	7
1456686531	557	747	7
1456686534	557	752	7
1456686537	557	753	7
1456686540	557	752	7
1456686543	557	755	7
1456686546	557	756	7
1456686549	558	752	7
1456686552	557	752	7
1456686555	557	753	7
1456686558	557	746	7
1456686561	557	751	7
1456686564	564	0	7
1456686567	559	0	7
1456686570	559	0	7
1456686573	549	0	6
1456686576	523	0	5
1456686579	497	0	3
1456686582	458	0	3
1456686585	422	0	1
1456686588	383	0	1
1456686591	354	0	1
1456686594	346	0	2
1456686663	354	0	1
1456686666	354	0	3
1456686672	355	0	1
1456686675	354	0	1
1456686678	357	9	1
1456686681	351	48	3
1456686684	358	135	3
1456686687	381	178	5
1456686690	409	289	5
1456686693	449	391	5
1456686696	467	424	5
1456686699	482	459	7
1456686702	496	600	7
1456686705	519	700	7
1456686708	540	713	7
1456686711	555	704	9
1456686714	562	802	9
1456686717	573	864	9
1456686720	581	873	9
1456686723	589	907	9
1456686726	594	943	9
1456686729	602	984	9
1456686732	614	1015	9
1456686735	625	1027	11
1456686738	639	1163	11
1456686741	660	1302	11
1456686744	685	1289	11
1456686747	705	1300	11
1456686750	715	1296	11
1456686753	715	1343	11
1456686756	713	1322	11
1456686759	714	1294	11
1456686762	714	1303	11
1456686765	716	1303	11
1456686768	715	1295	11
1456686771	714	1307	11
1456686774	714	1313	11
1456686777	714	1304	11
1456686780	714	1313	11
1456686783	714	1315	11
1456686786	714	1313	11
1456686789	714	1318	11
1456686792	714	1317	11
1456686795	715	1319	11
1456686798	714	1208	11
1456686801	715	1342	11
1456686804	713	1334	11
1456686807	714	1309	11
1456686810	714	1316	11
1456686813	716	1313	11
1456686816	716	1303	11
1456686819	715	1313	11
1456686822	715	1314	11
1456686825	715	1318	11
1456686828	714	1316	11
1456686831	715	1322	11
1456686834	715	1318	11
1456686837	715	1315	11
1456686840	716	1310	11
1456686843	715	1334	11
1456686846	715	1332	11
1456686849	715	1327	11
1456686852	716	1323	11
1456686855	716	1348	11
1456686858	717	1324	11
1456686861	716	1323	11
1456686864	716	1328	11
1456686867	716	1324	11
1456686870	716	1333	11
1456686873	716	1334	11
1456686876	716	1335	11
1456686879	715	1336	11
1456686882	715	1328	11
1456686885	715	1326	11
1456686888	716	1323	11
1456686891	715	1329	11
1456686894	714	1338	11
1456686897	715	1327	11
1456686900	714	1341	11
1456686903	714	1336	11
1456686906	714	1339	11
1456686909	715	1339	11
1456686912	717	1329	11
1456686915	716	1342	11
1456686918	716	1339	11
1456686921	715	1343	11
1456686924	715	1110	11
1456686927	705	978	9
1456686930	675	1020	9
1456686933	649	729	9
1456686936	606	734	7
1456686939	584	579	7
1456686942	557	448	7
1456686945	519	167	3
1456686948	480	99	3
1456686951	436	0	3
1456687998	352	0	1
1456688001	357	25	3
1456688004	359	114	3
1456688007	381	181	3
1456688010	399	183	7
1456688013	426	274	5
1456688016	446	394	5
1456688019	462	435	5
1456688022	478	448	5
1456688025	483	444	5
1456688028	485	450	5
1456688031	487	451	5
1456688034	486	448	5
1456688037	487	101	7
1456688040	489	108	7
1456688043	510	305	7
1456688046	526	250	7
1456688049	548	276	7
1456688052	548	439	7
1456688055	547	573	7
1456688058	540	671	7
1456688061	539	698	7
1456688064	537	718	7
1456688067	540	735	7
1456688070	549	738	7
1456688073	556	729	7
1456688076	558	732	7
1456688079	559	734	7
1456688082	557	735	7
1456688085	558	738	9
1456688088	559	789	9
1456688091	564	858	9
1456688094	568	848	9
1456688097	571	847	9
1456688100	570	848	9
1456688103	569	856	9
1456688106	571	864	9
1456688109	574	868	9
1456688112	578	876	9
1456688115	583	898	9
1456688118	589	917	9
1456688121	597	941	9
1456688124	606	967	9
1456688127	617	994	9
1456688130	626	1007	9
1456688133	630	1021	9
1456688136	632	1022	9
1456688139	632	1023	9
1456688142	632	1031	9
1456688145	632	1024	9
1456688148	632	1019	9
1456688151	632	1021	9
1456688154	632	1028	9
1456688157	632	1028	9
1456688160	632	1030	9
1456688163	632	1031	9
1456688166	631	1032	9
1456688169	632	972	9
1456688172	633	1026	9
1456688175	631	1042	9
1456688178	631	1034	9
1456688181	631	1023	9
1456688184	633	1025	9
1456688187	633	1026	9
1456688190	632	1020	9
1456688193	632	1025	9
1456688196	633	686	9
1456688199	606	714	7
1456688202	583	435	7
1456688205	538	456	5
1456688208	508	459	5
1456688211	493	452	5
1456688214	484	158	7
1456688217	472	215	3
1456688220	452	202	3
1456688223	434	206	3
1456688226	423	203	3
1456688229	426	205	3
1456688232	426	205	3
1456688235	426	206	3
1456688238	425	206	3
1456688241	425	205	3
1456688244	425	205	3
1456688247	425	205	3
1456688250	425	205	3
1456688253	424	205	3
1456688256	424	205	3
1456688259	425	205	3
1456688262	425	207	3
1456688265	425	205	3
1456688268	425	172	3
1456688271	418	77	2
1456688274	402	97	2
1456688277	392	92	2
1456688280	381	92	2
1456688283	388	94	2
1456688286	388	93	2
1456688289	387	96	2
1456688292	388	97	2
1456688295	387	99	2
1456688298	388	101	2
1456688301	388	110	3
1456688304	395	195	3
1456688307	406	197	3
1456688310	417	195	7
1456688313	428	311	5
1456688316	444	373	5
1456688319	461	416	5
1456688322	477	440	5
1456688325	485	442	5
1456688328	486	437	5
1456688331	488	439	5
1456688334	487	438	5
1456688337	486	439	5
1456688340	486	439	5
1456688343	486	433	5
1456688346	486	435	5
1456688349	486	435	5
1456688352	486	435	5
1456688355	486	434	5
1456688358	486	337	5
1456688361	489	45	5
1456688364	480	172	5
1456688367	468	341	5
1456688370	462	423	5
1456688373	465	436	5
1456688376	479	432	5
1456688379	485	439	5
1456688382	486	260	6
1456688385	465	196	3
1456688388	447	198	3
1456688391	430	189	3
1456688394	426	192	3
1456688397	423	108	2
1456688400	405	99	2
1456688403	394	51	1
1456688406	366	63	1
1456688409	362	56	1
1456688412	351	57	1
1456688415	353	56	1
1456688418	355	56	1
1456688421	354	0	2
1456688424	353	8	1
1456688427	350	49	1
1456688430	348	49	1
1456688433	351	50	1
1456688436	349	52	1
1456688439	355	0	3
1456689810	354	23	1
1456689813	353	32	1
1456689816	351	39	2
1456689819	365	98	3
1456689822	385	128	3
1456689825	410	149	7
1456689828	432	262	5
1456689831	452	351	5
1456689834	468	382	5
1456689837	483	387	5
1456689840	485	394	5
1456689843	487	397	5
1456689846	488	404	5
1456689849	486	429	7
1456689852	495	561	7
1456689855	513	669	7
1456689858	531	689	7
1456689861	548	702	7
1456689864	555	696	7
1456689867	558	711	7
1456689870	559	713	7
1456689873	557	711	7
1456689876	557	718	7
1456689879	557	721	7
1456689882	557	725	7
1456689885	557	723	7
1456689888	557	780	7
1456689891	555	438	7
1456689894	541	447	5
1456689897	516	452	7
1456689900	498	178	3
1456689903	459	0	3
1456690770	352	0	1
1456690773	353	28	1
1456690776	351	76	2
1456690779	362	111	3
1456690782	371	179	3
1456690785	399	183	3
1456690788	411	186	3
1456690791	423	187	3
1456690794	424	187	3
1456690797	424	191	3
1456690800	425	188	3
1456690803	424	190	3
1456690806	425	190	3
1456690809	425	190	3
1456690812	425	190	3
1456690815	425	190	3
1456690818	425	191	3
1456690821	425	191	3
1456690824	425	191	3
1456690827	425	191	3
1456690830	425	191	3
1456690833	425	191	3
1456690836	425	191	3
1456690839	425	192	3
1456690842	425	189	3
1456690845	425	192	3
1456690848	425	191	3
1456690851	425	192	3
1456690854	425	190	3
1456690857	425	190	3
1456690860	425	192	3
1456690863	426	190	3
1456690866	426	191	3
1456690869	426	190	3
1456690872	425	191	3
1456690875	425	188	3
1456690878	425	189	3
1456690881	425	190	3
1456690884	425	189	3
1456690887	426	188	3
1456690890	426	190	3
1456690893	426	187	3
1456690896	425	189	3
1456690899	425	189	3
1456690902	425	189	3
1456690905	425	189	3
1456690908	425	189	3
1456690911	425	189	3
1456690914	425	188	3
1456690917	425	188	3
1456690920	425	188	3
1456690923	425	187	3
1456690926	425	187	3
1456690929	425	187	3
1456690932	425	185	3
1456690935	426	43	3
1456690938	408	4	3
1456690983	353	0	1
1456690986	358	60	2
1456690989	361	105	2
1456690992	373	134	3
1456690995	391	168	3
1456690998	410	171	3
1456691001	421	174	3
1456691004	425	174	3
1456691007	425	177	3
1456691010	426	174	3
1456691013	425	42	3
1456691016	404	52	1
1456691019	379	17	3
1456694373	354	0	1
1456694376	358	46	1
1456694379	352	31	2
1456694382	357	80	2
1456694385	365	87	2
1456694388	378	90	3
1456694391	393	150	3
1456694394	405	152	7
1456694397	424	270	5
1456694400	450	353	5
1456694403	466	382	5
1456694406	481	390	5
1456694409	484	396	5
1456694412	485	403	5
1456694415	486	406	5
1456694418	485	407	5
1456694421	486	414	5
1456694424	486	413	5
1456694427	486	416	5
1456694430	486	414	5
1456694433	486	423	5
1456694436	486	422	5
1456694439	486	425	7
1456694442	484	167	3
1456694445	460	185	3
1456694448	443	181	3
1456694451	423	181	3
1456694454	425	182	3
1456694457	424	183	3
1456694460	425	181	3
1456694463	424	181	3
1456694466	425	181	3
1456694469	424	181	3
1456694472	425	181	3
1456694475	425	181	3
1456694478	425	181	3
1456694481	425	180	3
1456694484	426	180	3
1456694487	425	180	3
1456694490	425	178	3
1456694493	425	181	3
1456694496	425	180	3
1456694499	425	179	3
1456694502	425	180	3
1456694505	425	181	3
1456694508	425	181	3
1456694511	425	183	3
1456694514	425	187	5
1456694517	433	300	5
1456694520	450	369	5
1456694523	466	419	5
1456694526	478	408	7
1456694529	477	167	3
1456694532	456	186	3
1456694535	441	184	3
1456694538	422	46	3
1456694541	409	49	1
1456694544	381	54	1
1456694547	361	54	1
1456694550	346	54	1
1456694553	353	56	2
1456694556	359	133	3
1456694559	377	177	3
1456694562	399	178	3
1456694565	418	178	3
1456694568	425	177	3
1456694571	424	176	3
1456694574	425	86	3
1456694577	417	48	1
1456694580	388	55	1
1456694583	366	54	1
1456694586	347	52	1
1456694589	352	53	1
1456694592	354	52	1
1456694595	353	53	1
1456694598	355	50	1
1456694601	352	52	1
1456694604	355	78	3
1456694607	371	177	3
1456694610	393	171	3
1456694613	415	174	3
1456694616	425	172	3
1456694619	425	172	3
1456694622	425	172	3
1456694625	425	170	3
1456694628	425	174	3
1456694631	425	173	3
1456694634	425	172	3
1456694637	425	174	3
1456694640	426	176	3
1456694643	425	174	3
1456694646	425	175	3
1456694649	426	173	3
1456694652	425	174	3
1456694655	426	174	3
1456694658	425	174	3
1456694661	425	175	3
1456694664	426	174	3
1456694667	425	172	3
1456694670	425	171	3
1456694673	425	176	3
1456694676	425	173	3
1456694679	426	172	3
1456694682	425	173	3
1456694685	426	173	3
1456694688	426	173	3
1456694691	426	176	3
1456694694	426	175	3
1456694697	426	175	3
1456694700	425	175	3
1456694703	425	43	1
1456694706	404	53	1
1456694709	379	52	1
1456694712	358	51	1
1456694715	347	51	1
1456694718	355	51	1
1456694721	354	50	1
1456694724	354	49	1
1456694727	355	50	1
1456694730	354	50	1
1456694733	355	51	3
1456694736	361	150	3
1456694739	382	168	3
1456694742	403	170	3
1456694745	421	98	3
1456694748	419	0	3
1456694802	355	15	1
1456694805	355	34	1
1456694808	351	42	1
1456694811	351	42	1
1456694814	348	42	1
1456694817	355	41	1
1456694820	354	43	1
1456694823	355	42	1
1456694826	354	43	1
1456694829	354	43	1
1456694832	355	44	1
1456694835	354	44	1
1456694838	355	44	1
1456694841	353	44	1
1456694844	354	45	1
1456694847	354	44	1
1456694850	354	45	1
1456694853	355	45	1
1456694856	354	45	1
1456694859	355	46	1
1456694862	354	39	2
1456694877	352	4	1
1456694880	354	30	1
1456694883	347	38	1
1456694886	351	38	1
1456694889	348	38	1
1456694892	355	38	1
1456694895	354	40	1
1456694898	355	40	1
1456694901	354	40	1
1456694904	354	42	1
1456694907	355	42	1
1456694910	354	42	1
1456694913	353	0	1
1456694928	354	0	1
1456694931	356	38	1
1456694934	349	36	1
1456694937	352	36	1
1456694940	349	36	1
1456694943	354	38	1
1456694946	354	38	1
1456694949	355	2	2
1456695090	355	35	1
1456695093	355	0	3
1456695285	354	0	1
1456695288	356	41	1
1456695291	350	33	1
1456695294	353	34	1
1456695297	349	39	1
1456695300	353	0	2
1456695492	353	4	1
1456695495	357	24	1
1456695498	356	34	1
1456695501	355	35	2
1456695504	356	0	2
1456695519	350	23	1
1456695522	354	30	1
1456695525	354	31	1
1456695528	353	45	2
1456695531	361	83	2
1456695534	374	91	2
1456695537	383	97	2
1456695540	387	101	2
1456695543	387	104	2
1456695546	387	105	2
1456695549	387	109	2
1456695552	387	112	2
1456695555	387	112	2
1456695558	387	112	2
1456695561	388	47	2
1456695564	376	57	1
1456695567	364	52	1
1456695570	354	51	1
1456695573	348	52	1
1456695576	355	52	1
1456695579	353	52	1
1456695582	355	53	1
1456695585	354	54	2
1456695588	361	116	2
1456695591	370	116	2
1456695594	380	116	2
1456695597	387	119	2
1456695600	387	117	2
1456695603	387	118	2
1456695606	387	119	2
1456695609	387	119	2
1456695612	387	119	2
1456695615	387	119	2
1456695618	387	120	2
1456695621	387	120	2
1456695624	387	119	2
1456695627	387	120	2
1456695630	388	121	2
1456695633	388	121	2
1456695636	388	120	2
1456695639	387	123	2
1456695642	388	121	2
1456695645	387	113	2
1456695648	386	51	1
1456695651	369	59	1
1456695654	360	56	1
1456695657	349	58	1
1456695660	355	56	1
1456695663	354	57	1
1456695666	355	67	3
1456695669	368	184	3
1456695672	387	103	3
1456695675	391	127	2
1456695678	393	119	2
1456695681	384	144	3
1456695684	394	104	2
1456695687	389	124	2
1456695690	389	124	3
1456695693	389	182	3
1456695696	403	178	3
1456695699	417	178	3
1456695702	426	178	3
1456695705	426	177	3
1456695708	426	175	3
1456695711	425	174	3
1456695714	425	175	3
1456695717	425	176	3
1456695720	425	178	3
1456695723	425	148	3
1456695726	418	108	2
1456695729	401	50	1
1456695732	376	60	1
1456695735	355	54	1
1456695738	352	53	1
1456695741	349	53	1
1456695744	355	51	1
1456695747	353	51	1
1456695750	355	50	1
1456695753	354	50	1
1456695756	354	0	3
1456695765	349	5	1
1456695768	352	37	3
1456695771	363	0	3
1456696089	352	0	2
1456696371	353	0	2
1456696374	361	47	2
1456696377	365	70	2
1456696380	378	1	10
1456696398	352	0	1
1456696401	355	30	1
1456696404	350	28	1
1456696407	351	30	1
1456696410	349	35	1
1456696413	355	0	3
1456696593	353	0	1
1456696596	354	38	1
1456696599	350	43	1
1456696602	352	44	1
1456696605	348	45	1
1456696608	353	47	1
1456696611	353	48	1
1456696614	353	48	1
1456696617	353	49	1
1456696620	353	0	2
1456697301	353	7	1
1456697304	354	24	1
1456697307	356	30	1
1456697310	354	46	2
1456697313	361	85	2
1456697316	374	94	2
1456697319	382	100	2
1456697322	387	102	2
1456697325	387	47	2
1456697328	378	47	1
1456697331	364	49	1
1456697334	354	48	1
1456697337	347	49	1
1456697340	354	47	1
1456697343	353	49	1
1456697346	354	49	1
1456697349	353	49	1
1456697352	353	49	1
1456697355	353	49	1
1456697358	353	50	1
1456697361	354	50	1
1456697364	353	52	1
1456697367	354	50	1
1456697370	353	51	1
1456697373	353	51	1
1456697376	353	51	1
1456697379	354	51	1
1456697382	354	51	1
1456697385	353	53	1
1456697388	354	52	1
1456697391	353	52	1
1456697394	354	52	1
1456697397	353	52	1
1456697400	354	0	2
1456697715	353	0	1
1456697718	354	24	1
1456697721	350	31	1
1456697724	352	1	2
