1575285243	369	12	2
1575285360	370	0	2
1575285414	368	41	2
1575285438	366	4	2
1575288681	528	0	2
1575288891	607	0	2
1575289164	444	1	2
1575289374	429	0	2
1575289521	371	0	2
1575289995	415	1	2
1575290382	443	0	2
1575291420	446	0	2
1575293544	431	0	2
1575293850	443	0	2
1575294333	413	0	2
1575294594	433	2	2
1575297921	421	16	2
1575298137	449	0	2
1575299649	391	0	2
1575302322	390	34	2
1575303039	448	26	2
1575304710	446	0	2
1575304953	418	0	2
1575305583	439	0	2
1575306375	449	0	2
1575307851	466	0	2
1575308649	445	0	2
1575309675	450	2	2
1575310845	427	0	2
1575521874	357	0	2
1575522846	344	1	2
1575522909	366	45	2
1575522915	365	7	2
1575522936	349	2	2
1575522942	365	0	2
1575523014	369	28	2
1575523044	361	0	2
1575523050	370	0	2
1575523065	370	0	2
1575523074	371	0	2
1575523086	362	0	2
1575523143	357	18	2
1575523149	368	0	2
1575524250	428	1	2
1575524283	371	0	2
1575524304	369	0	2
1575524319	383	0	2
1575524700	345	0	2
1575524718	346	0	2
1575524775	350	79	2
1575524796	357	15	2
1575524865	346	0	2
1575524868	346	0	2
1575524898	348	0	2
1575524910	353	0	2
1575524943	351	0	2
1575525858	368	0	2
1575525882	370	0	2
1575525936	399	47	2
1575526059	375	0	2
1575526092	366	0	2
1575526155	387	0	2
1575529341	373	0	2
1575529431	431	0	2
1575529515	410	0	2
1575530160	431	0	2
1575530511	373	0	2
1575530595	371	0	2
1575534108	367	0	2
1575534144	356	48	2
1575534165	358	1	2
1575534174	364	0	2
1575534213	365	0	2
1575534279	358	0	2
1575534690	350	40	2
1575534756	374	0	2
1575534780	372	0	2
1575534816	371	0	2
1575534828	365	2	2
1575534858	364	0	2
1575535401	369	40	2
1575535413	358	0	2
1575535434	369	11	2
1575535449	357	39	2
1575535458	370	0	2
1575535542	355	0	2
1575535560	367	48	2
1575535578	367	0	2
1575535581	367	15	2
1575535587	366	32	2
1575535608	369	0	2
1575535620	368	0	2
1575535641	365	0	2
1575535647	369	6	2
1575535662	369	0	2
1575535671	367	0	2
1575535680	368	0	2
1575535698	368	0	2
1575535704	368	1	2
1575535734	353	0	2
1575535740	363	40	2
1575535749	368	0	2
1575535755	366	0	2
1575535776	365	0	2
1575535782	369	0	2
1575535785	368	1	2
1575535791	367	0	2
1575535794	366	8	2
1575535800	367	0	2
1575535806	366	0	2
1575535818	354	0	2
1575538812	350	71	2
1575538857	350	1	2
1575539094	362	38	2
1575539106	368	0	2
1575539127	369	0	2
1575539142	365	11	2
1575539217	370	0	2
1575539331	356	1	2
1575539352	368	0	2
1575539382	365	2	2
1575539421	366	0	2
1575539451	366	0	2
1575539472	366	0	2
1575539487	366	0	2
1575539505	365	0	2
1575539511	368	0	2
1575539520	367	0	2
1575539532	367	0	2
1575539538	363	22	2
1575539550	366	0	2
1575539562	366	0	2
1575539571	369	0	2
1575539577	367	0	2
1575539583	367	0	2
1575539598	352	0	2
1575539604	365	0	2
1575539619	360	5	2
1575539625	365	0	2
1575539640	367	0	2
1575539643	366	66	2
1575539652	367	0	2
1575539664	359	1	2
1575539670	365	0	2
1575539679	367	0	2
1575539988	365	0	2
1575540003	367	0	2
1575540015	368	0	2
1575540030	368	0	2
1575540111	370	0	2
1575540126	369	0	2
1575540252	364	0	2
1575540264	365	0	2
1575540303	357	0	2
1575540321	365	1	2
1575540339	367	0	2
1575540384	366	0	2
1575540405	360	0	2
1575540444	364	0	2
1575540465	356	0	2
1575540471	360	4	2
1575540519	366	0	2
1575540522	367	52	2
1575540528	366	1	2
1575540537	367	4	2
1575540777	368	0	2
1575540786	369	0	2
1575540804	370	0	2
1575540816	370	0	2
1575540828	366	0	2
1575540870	366	0	2
1575540891	359	0	2
1575540975	397	0	2
1575541017	362	0	2
1575541335	366	0	2
1575541344	370	0	2
1575541365	370	0	2
1575541368	371	0	2
1575541389	370	0	2
1575541476	362	0	2
1575541506	370	0	2
1575541518	360	0	2
1575541545	365	0	2
1575541566	370	0	2
1575541656	407	0	2
1575541710	371	0	2
1575541737	370	17	2
1575541788	369	0	2
1575541812	369	0	2
1575541980	352	2	2
1575542190	345	1	2
1575542199	355	71	2
1575542202	357	5	2
1575542205	363	2	2
1575542211	365	49	2
1575545406	348	25	2
1575545415	361	100	2
1575545436	359	13	2
1575545466	352	4	2
1575545583	350	0	2
1575545589	364	0	2
1575545601	367	0	2
1575545700	360	0	2
1575551790	350	0	2
1575555789	374	0	2
1575555969	376	0	2
1575556005	376	0	2
1575556071	376	0	2
1575557298	392	0	2
1575557406	373	0	2
1575557418	357	0	2
1575557451	371	0	2
1575557463	348	0	2
1575557481	355	0	2
1575557877	345	0	12
1575558015	351	0	2
1575561405	454	0	2
1575561411	424	0	2
1575561939	456	9	2
1575563016	410	50	2
1575563064	394	0	2
1575563700	382	0	2
1575563763	372	0	2
1575563874	442	200	2
1575564933	387	0	2
1575564972	371	0	2
1575564987	363	0	2
1575565068	351	0	2
1575565146	372	1	2
1575565215	372	0	2
1575565365	373	0	2
1575565485	371	0	2
1575565530	371	0	2
1575567435	368	0	2
1575567447	364	0	2
1575567456	370	0	2
1575567633	372	4	2
1575567921	372	0	2
1575567939	369	1	2
1575567960	360	5	2
1575568023	371	0	2
1575568050	371	0	2
1575568122	370	0	2
1575568155	371	0	2
1575568182	371	0	2
1575568212	372	0	2
1575568257	366	0	2
1575568539	371	0	2
1575568617	371	0	2
1575568635	370	44	2
1575568665	371	0	2
1575568695	370	46	2
1575568761	406	114	2
1575568905	375	0	2
1575569160	398	0	2
1575569430	372	0	2
1575569535	387	0	2
1575569760	372	1	2
1575570066	371	0	2
1575570174	370	0	2
1575570210	370	0	2
1575570243	398	0	2
1575570324	374	0	2
1575570339	372	0	2
1575570381	374	0	2
1575570450	369	0	2
1575570498	369	0	2
1575570516	373	0	2
1575570528	368	0	2
1575570588	359	0	2
1575570600	366	1	2
1575570609	371	25	2
1575570627	363	1	2
1575570639	360	38	2
1575570669	363	0	2
1575570726	357	0	2
1575570759	371	0	2
1575570762	371	0	2
1575570798	372	0	2
1575570915	419	0	2
1575571122	355	0	2
1575571215	398	0	2
1575571266	371	0	2
1575571377	372	0	2
1575571434	372	0	2
1575571506	390	0	2
1575571560	371	0	2
1575572157	372	0	2
1575572313	371	42	2
1575572442	379	0	2
1575572922	369	0	2
1575715011	367	0	2
1575715137	465	0	2
1575718548	403	0	2
1575719517	448	106	2
1575719703	403	0	2
1575720075	426	1	2
1575720609	416	0	2
1575720639	364	0	2
1575721410	402	0	2
1575722778	396	0	2
1575722934	370	0	2
1575723330	406	0	2
1575723891	370	0	2
1575723972	388	0	2
1575724998	352	2	2
1575725025	359	0	2
1575725343	390	0	2
1575725643	352	0	2
1575726381	353	1	2
1575726441	367	0	2
1575726624	361	0	2
1575726657	360	0	2
1575726684	355	0	2
1575726693	362	0	2
1575726705	359	19	2
1575726714	365	0	2
1575726726	366	0	2
1575726729	364	4	2
1575726735	367	0	2
1575726747	352	0	2
1575727929	354	0	2
1575764583	626	0	2
1575771492	592	0	2
1575777798	591	0	2
1575790401	369	0	2
1575790464	369	0	2
1575790638	368	0	2
1575792228	403	0	2
1575792339	369	11	2
1575792495	369	0	2
1575797286	429	0	2
1575797319	349	0	2
1575797424	375	0	2
1575797811	405	0	2
1575798381	372	0	2
1575798693	407	0	2
1575799548	375	0	2
1575799983	368	0	2
1575842535	352	3	2
1575845088	368	0	2
1575845154	369	0	2
1575845202	367	0	2
1575845271	368	0	2
1575845301	369	0	2
1575846051	367	0	2
1575846105	368	0	2
1575846480	420	38	2
1575846642	446	0	2
1575847071	366	0	2
1575847233	368	0	2
1575847647	370	0	2
1575847971	368	12	2
1575848013	367	4	2
1575848106	355	0	2
1575848490	356	0	2
1575848589	368	0	2
1575848775	369	0	2
1575848802	369	0	2
1575848835	369	0	2
1575849237	367	2	2
1575849651	368	46	2
1575854076	354	1	2
1575854139	356	0	2
1575854445	376	6	2
1575854460	368	0	2
1575854772	367	2	2
1575857514	368	0	2
1575857652	368	40	2
1575859710	368	0	2
1575859881	368	0	2
1575860154	367	0	2
1575860334	366	0	2
1575867150	408	60	2
1575867441	367	0	2
1575867684	430	126	2
1575868020	403	0	2
1575868104	367	0	2
1575868221	369	0	2
1575868533	368	0	2
1575868590	368	0	2
1575868749	369	24	2
1575869130	368	0	2
1575869826	369	0	2
1575870129	368	0	2
1575870300	370	0	2
1575870390	369	48	2
1575870645	370	0	2
1575871113	370	0	2
1575871146	369	0	2
1575871167	347	0	2
1575871527	368	0	2
1575871608	370	27	2
1575871623	353	0	2
1575871704	402	0	2
1575871725	390	61	2
1575871809	367	0	2
1575872412	369	0	2
1575872769	368	0	2
1575872979	394	13	2
1575873114	369	0	2
1575873231	371	0	2
1575873267	370	44	2
1575874422	391	0	2
1575874551	368	35	2
1575874905	416	0	2
1575874932	404	0	2
1575874989	393	0	2
1575875010	360	0	2
1575875037	355	0	2
1575875061	367	0	2
1575875076	368	0	2
1575875157	398	0	2
1575875478	398	0	2
1575875499	368	40	2
1575875553	435	13	2
1575875649	407	0	2
1575875718	415	0	2
1575875769	405	30	2
1575876351	404	0	2
1575876396	368	0	2
1575876522	370	0	2
1575876540	369	47	2
1575876660	371	0	2
1575609825	345	0	2
1575610530	366	0	2
1575611082	352	0	2
1575395907	423	42	2
1575396213	429	0	2
1575396777	343	8	2
1575396924	448	0	2
1575398871	457	0	2
1575399909	446	0	2
1575400290	437	0	2
1575400485	350	2	2
1575400770	433	41	2
1575401139	446	0	2
1575401205	369	12	2
1575401952	360	5	2
1575402774	450	0	2
1575403293	448	0	2
1575403497	357	0	2
1575404550	415	0	2
1575405171	415	0	2
1575405696	455	30	2
1575406140	447	1	2
1575406557	430	0	2
1575406593	358	38	2
1575406611	369	0	2
1575406776	348	19	2
1575407547	451	0	2
1575408306	528	0	2
1575409650	432	0	2
1575410067	442	0	2
1575410760	368	0	2
1575411108	353	4	2
1575411858	444	0	2
1575412029	443	0	2
1575412662	442	0	2
1575415329	368	3	2
1575415770	375	10	2
1575415893	471	0	2
1575416289	456	0	2
1575416382	370	0	2
1575416781	452	0	2
1575417405	455	0	2
1575417924	402	0	2
1575418374	356	3	2
1575418392	362	9	2
1575418620	369	0	2
1575418971	363	0	2
1575419037	368	52	2
1575419088	403	3	2
1575419142	402	0	2
1575419181	371	51	2
1575813198	343	0	2
1575813207	353	3	2
1575813363	370	9	2
1575813399	369	0	2
1575814572	417	0	2
1575815238	370	1	2
1575815349	369	0	2
1575815514	371	0	2
1575819282	369	0	2
1575819582	378	25	2
1575820791	375	1	2
1575821865	369	3	2
1575821904	370	0	2
1575823461	370	0	2
1575824529	368	3	2
1575824634	367	47	2
1575824718	369	0	2
1575825642	370	12	2
1575825798	386	0	2
1575825924	406	0	2
1575826194	369	0	2
1575826401	399	0	2
1575826650	402	0	2
1575827664	390	0	2
1575828837	376	0	2
1575829521	391	0	2
1575830181	406	0	2
1575830508	371	0	2
1575831033	387	0	2
1575832401	371	0	2
1575832656	370	0	2
1575832863	388	0	2
1575832884	371	0	2
1575248193	353	50	2
1575249564	397	0	2
1575249756	367	24	2
1575250158	377	0	2
1575251001	695	1338	12
1575251004	709	1394	12
1575251007	716	1474	12
1575251010	726	1443	12
1575251013	732	1509	13
1575251016	744	1576	13
1575251019	754	1563	13
1575251022	766	1571	13
1575251025	768	1568	13
1575251028	770	1577	13
1575251031	770	1572	13
1575251034	770	1571	13
1575251037	769	1578	13
1575251040	769	1583	13
1575251043	769	1584	13
1575251046	769	1572	13
1575251049	769	1587	13
1575251052	769	1583	13
1575251055	769	1579	13
1575251058	769	1589	13
1575251061	769	1591	13
1575251064	769	1588	13
1575251067	770	1589	13
1575251070	770	1593	13
1575251073	769	1595	13
1575251076	769	1589	13
1575251079	769	1593	13
1575251082	769	1594	13
1575251085	770	1611	13
1575251088	770	1508	13
1575251643	418	0	2
1575252057	415	0	2
1575253374	405	0	2
1575253803	414	0	2
1575254736	447	0	2
1575255462	380	0	2
1575256659	422	0	2
1575256836	393	0	2
1575257577	396	0	2
1575258105	438	1	2
1575258507	461	0	2
1575259815	424	0	2
1575260538	439	0	2
1575264882	435	0	2
1575265221	428	32	2
1575266589	439	0	2
1575268545	408	0	2
1575268752	390	0	2
1575269268	459	0	2
1575269649	409	0	2
1575270306	353	5	2
1575271380	369	29	2
1575272616	370	0	2
1575273501	405	0	2
1575274167	405	2	2
1575274359	453	6	2
1575274899	370	0	2
1575275592	416	0	2
1575275757	405	1	2
1575277323	439	0	2
1575277602	385	0	2
1575278010	413	21	2
1575278730	391	0	2
1575281589	414	0	2
1575283002	406	0	2
1575283497	369	0	2
1575284034	356	8	2
1575284052	362	0	2
1575284202	370	0	2
1575284295	367	0	2
1575284496	347	25	2
1575284724	366	0	2
1575284745	369	0	2
1575284814	369	0	2
1575284934	368	1	2
1575419436	365	0	2
1575419523	365	0	2
1575419532	363	1	2
1575419538	368	0	2
1575419547	367	0	2
1575419553	369	0	2
1575420063	353	9	2
1575423456	437	0	2
1575423474	379	0	13
1575423477	411	0	13
1575423480	449	0	13
1575423483	501	0	13
1575423492	593	0	2
1575423522	381	0	13
1575423525	406	0	13
1575423528	446	0	13
1575423531	499	0	13
1575423534	552	0	13
1575423654	376	13	13
1575423657	398	0	12
1575423669	424	1	13
1575423672	426	0	13
1575423675	459	0	13
1575423678	511	0	13
1575423681	566	0	13
1575423684	626	0	13
1575423687	679	0	13
1575423708	542	47	13
1575423711	540	153	13
1575423714	565	300	13
1575423717	612	446	13
1575423720	662	592	13
1575423723	711	730	13
1575423753	489	57	13
1575423756	500	186	12
1575423774	417	0	13
1575423777	418	0	13
1575423780	447	0	13
1575423783	501	0	13
1575423786	556	0	13
1575423861	405	47	12
1575423864	405	0	13
1575423867	428	0	13
1575423870	479	0	12
1575423987	376	26	13
1575423990	397	0	13
1575423993	430	0	13
1575423996	482	0	13
1575423999	534	0	13
1575424002	595	0	13
1575424005	650	0	13
1575424026	524	50	13
1575424029	519	129	13
1575424032	540	272	13
1575424035	585	431	13
1575424038	638	574	13
1575424041	689	706	13
1575424044	730	848	13
1575424047	757	1004	13
1575424050	765	1149	13
1575424053	765	1288	13
1575424056	766	1438	13
1575424059	766	1521	13
1575424062	767	1547	13
1575424065	767	1542	13
1575424068	766	1580	13
1575424071	766	1573	13
1575424074	766	1565	13
1575424077	768	1551	13
1575424080	766	1488	13
1575425391	385	2	13
1575425394	410	0	13
1575425397	449	0	13
1575425400	502	0	13
1575425403	555	0	13
1575425406	615	0	13
1575425433	482	64	13
1575425436	496	214	13
1575425439	536	353	13
1575425442	588	495	13
1575425445	640	650	13
1575425448	689	789	13
1575425475	478	0	13
1575425478	479	0	13
1575425481	506	0	13
1575425484	558	0	13
1575425487	612	0	13
1575425490	673	0	13
1575425493	724	0	13
1575425496	756	0	13
1575425499	770	0	13
1575425502	771	0	13
1575425505	772	0	13
1575425508	772	0	13
1575425532	591	59	13
1575425535	587	175	13
1575425538	608	330	13
1575425541	653	492	13
1575425544	703	622	13
1575425547	738	773	13
1575425550	759	912	13
1575425553	767	1066	13
1575425556	767	1174	13
1575426276	459	0	2
1575426471	410	0	2
1575427107	416	0	2
1575427428	386	0	2
1575427617	374	0	2
1575427650	383	0	13
1575427653	408	0	12
1575427656	449	0	12
1575427812	410	0	2
1575428106	487	528	12
1575428109	518	680	13
1575428112	565	717	13
1575428148	394	0	13
1575428151	408	0	13
1575428154	442	0	13
1575428157	494	0	13
1575428160	547	0	13
1575428163	610	0	13
1575428166	674	0	13
1575428514	372	0	2
1575429123	359	0	13
1575429216	365	0	13
1575429219	400	0	13
1575429309	360	0	2
1575429414	348	0	2
1575429555	382	1	13
1575429594	392	0	13
1575429633	375	51	13
1575429636	398	0	13
1575429669	375	0	2
1575429711	377	13	13
1575429714	400	0	13
1575429729	423	0	13
1575429762	391	0	13
1575429765	418	0	13
1575429768	464	0	13
1575429771	516	0	13
1575429774	574	0	13
1575429777	634	0	13
1575429780	690	0	13
1575429783	735	0	13
1575429786	760	0	13
1575429789	771	0	13
1575429792	770	0	13
1575429795	771	0	13
1575429798	771	0	13
1575429801	771	0	13
1575429804	771	0	13
1575429807	771	0	13
1575429810	771	0	13
1575429813	771	0	13
1575429816	771	0	13
1575429831	661	168	13
1575429834	643	249	13
1575429837	654	338	13
1575429840	693	418	13
1575429843	736	430	13
1575429846	762	429	13
1575429849	774	598	13
1575429852	772	609	13
1575429855	771	595	13
1575429858	770	584	13
1575429861	769	853	13
1575429864	767	873	13
1575429867	767	851	13
1575429870	767	831	13
1575429873	770	818	13
1575429876	770	804	13
1575429879	768	0	13
1575429891	661	0	2
1575429999	377	11	12
1575430047	374	49	12
1575430050	395	0	13
1575430053	426	0	13
1575430056	477	0	13
1575430059	529	0	13
1575430062	589	0	13
1575430065	647	0	13
1575430068	703	0	13
1575430071	742	0	13
1575430074	764	0	13
1575430077	771	0	13
1575430080	771	0	14
1575430083	777	0	14
1575430107	545	54	13
1575430110	531	106	14
1575430116	549	416	12
1575430125	551	36	13
1575430128	553	116	13
1575430131	576	252	13
1575430134	616	404	13
1575430137	667	569	13
1575430140	715	707	13
1575430143	746	842	13
1575430146	765	992	13
1575430149	768	1128	13
1575430152	769	1270	13
1575430155	768	1415	13
1575430158	769	1433	13
1575430161	769	1447	13
1575430164	770	1459	13
1575430167	770	1450	13
1575430170	770	1455	13
1575430173	768	1502	13
1575430176	769	1476	13
1575430179	769	1461	13
1575430182	770	1459	13
1575430185	770	1467	13
1575430188	770	1469	13
1575430191	770	1476	13
1575430194	770	1482	13
1575430197	770	1478	13
1575430200	770	1491	13
1575430203	770	1790	13
1575430206	768	1488	13
1575430209	768	1494	13
1575430212	767	1471	13
1575430215	770	1466	13
1575430218	769	1471	13
1575430221	769	1470	13
1575430224	770	1488	14
1575430272	391	0	13
1575430275	417	0	13
1575430278	461	0	13
1575430281	515	0	13
1575430284	573	0	13
1575430287	635	0	13
1575430290	692	0	13
1575430293	737	0	13
1575430296	763	0	13
1575430299	773	0	13
1575430302	772	0	13
1575430305	772	0	13
1575430308	772	0	13
1575430311	772	0	14
1575430326	671	0	2
1575430698	424	39	12
1575430701	437	0	13
1575430704	453	0	13
1575430707	499	0	13
1575430710	552	0	13
1575430713	611	0	13
1575430716	670	0	13
1575430719	721	0	13
1575430722	754	0	13
1575430725	770	0	13
1575430728	772	0	13
1575430731	773	0	13
1575430734	772	0	13
1575430737	773	0	13
1575430740	772	0	13
1575430743	772	0	13
1575430746	772	0	13
1575430749	773	0	13
1575430752	773	0	13
1575430755	772	0	13
1575430758	772	0	13
1575430761	772	0	13
1575430764	772	0	14
1575430767	764	0	2
1575430803	377	15	13
1575430806	400	0	13
1575430809	434	0	13
1575430812	487	0	13
1575430815	541	0	13
1575430836	477	44	13
1575430839	491	153	13
1575430842	531	335	13
1575430845	583	546	13
1575430848	635	706	13
1575430851	689	836	13
1575430854	732	990	13
1575430857	758	1148	13
1575430860	768	1262	13
1575430863	767	1392	13
1575430866	770	1474	13
1575430869	770	1480	13
1575430872	771	1478	13
1575430875	768	1584	13
1575430878	768	1516	13
1575430881	768	1489	13
1575430884	770	1472	13
1575430887	771	1479	13
1575430890	768	1416	13
1575430911	564	15	13
1575430914	568	99	13
1575430917	600	260	13
1575430920	652	481	13
1575430923	697	691	13
1575430926	721	841	12
1575430929	734	1018	13
1575430932	744	1139	13
1575430935	751	1132	12
1575430938	749	1313	12
1575431070	671	599	13
1575431073	666	707	13
1575431148	668	1091	13
1575431175	450	0	2
1575431223	351	0	2
1575431226	350	0	2
1575431337	692	699	13
1575201345	357	0	2
1575202095	345	0	2
1575204168	366	0	2
1575204189	367	14	2
1575204333	361	0	2
1575204345	362	0	2
1575204387	370	34	2
1575204408	368	32	2
1575204501	370	0	2
1575204816	388	0	2
1575204852	370	0	2
1575204864	362	53	2
1575205200	359	0	2
1575205293	370	0	2
1575205362	403	0	2
1575205932	407	0	2
1575206304	347	0	2
1575206337	347	0	2
1575206529	358	0	2
1575206748	347	0	2
1575206802	348	0	2
1575207129	355	0	2
1575208824	362	1	2
1575209652	577	0	2
1575209871	605	0	2
1575210102	457	51	2
1575210825	432	0	2
1575211401	452	70	2
1575211662	487	81	2
1575213297	451	0	2
1575213738	444	0	2
1575214170	446	0	2
1575214536	480	1	2
1575215259	476	0	2
1575216261	449	0	2
1575216657	374	45	2
1575216909	473	0	2
1575217293	521	3	2
1575217647	468	6	2
1575218613	446	0	2
1575220167	449	3	2
1575220650	446	0	2
1575220896	443	0	2
1575222552	449	0	2
1575223785	452	0	2
1575224130	418	0	2
1575227076	447	1	2
1575227862	453	0	2
1575228666	448	0	2
1575228882	371	0	2
1575229950	459	0	2
1575230577	540	0	2
1575230724	369	0	2
1575231342	424	0	2
1575232098	458	0	2
1575232827	432	0	2
1575234456	448	0	2
1575234849	477	0	2
1575235302	474	0	2
1575236328	450	0	2
1575237765	384	0	2
1575238011	369	0	2
1575238416	452	0	2
1575239184	446	68	2
1575239712	445	41	2
1575240123	466	0	2
1575240366	422	0	2
1575241038	351	1	2
1575911220	400	26	2
1575911346	368	0	2
1575911388	368	0	2
1575911415	402	0	2
1575911454	403	0	2
1575911484	368	52	2
1575911526	368	53	2
1575911565	361	0	2
1575911640	401	0	2
1575911880	443	195	2
1575911901	461	2	2
1575912021	406	0	2
1575912087	431	4	2
1575912231	397	0	2
1575912507	372	0	2
1575912522	370	0	2
1575912537	363	0	2
1575912549	363	96	2
1575912591	368	40	2
1575912777	401	0	2
1575912843	403	0	2
1575912864	371	0	2
1575912942	369	0	2
1575913026	389	0	2
1575913092	368	31	2
1575913113	370	0	2
1575913146	389	106	2
1575913590	367	40	2
1575913608	369	0	2
1575913641	372	0	2
1575913659	370	0	2
1575913728	383	0	2
1575913740	394	0	2
1575913749	391	0	2
1575913788	378	1	2
1575913800	358	3	2
1575913821	371	0	2
1575913842	355	23	2
1575914043	386	80	2
1575914157	429	0	2
1575914283	364	42	2
1575914784	357	0	2
1575914811	394	0	2
1575914913	367	0	2
1575915186	370	0	2
1575915198	359	0	2
1575915270	362	0	2
1575915318	368	0	2
1575915324	365	0	2
1575915384	363	0	2
1575362769	0	0	2
1575362781	0	0	2
1575362922	140	0	2
1575364326	353	33	2
1575364371	365	1	2
1575364578	357	1	2
1575364590	356	6	2
1575364629	366	0	2
1575364740	367	0	2
1575364815	366	48	2
1575364863	366	0	2
1575364998	402	2	2
1575365016	366	0	2
1575365118	366	0	2
1575365247	366	0	2
1575366252	366	0	2
1575366306	403	0	2
1575366639	357	0	2
1575366783	403	0	2
1575366804	360	36	2
1575366813	365	0	2
1575366882	364	22	2
1575366885	366	2	2
1575366897	351	6	2
1575366900	359	12	2
1575368709	348	4	2
1575369054	420	0	2
1575369303	379	0	2
1575369753	364	9	2
1575370797	406	31	2
1575371271	369	51	2
1575371952	418	0	2
1575372555	395	0	2
1575373506	371	0	2
1575373659	367	49	2
1575374025	424	0	2
1575375060	418	95	2
1575375684	433	0	2
1575375873	438	20	2
1575377118	421	1	2
1575378126	398	0	2
1575378759	459	1	2
1575379023	370	11	2
1575380082	405	118	2
1575380097	370	0	2
1575381252	421	0	2
1575381510	408	0	2
1575382377	415	0	2
1575383067	380	0	2
1575384204	470	72	2
1575384216	377	0	2
1575385629	370	0	2
1575387138	514	3	2
1575387390	466	0	2
1575387663	370	0	2
1575388335	443	0	2
1575388425	349	0	2
1575388941	372	0	2
1575388980	370	39	2
1575391110	414	0	2
1575160050	362	0	2
1575160131	367	52	2
1575160380	370	0	2
1575160452	359	2	2
1575166965	361	0	2
1575167580	370	1	2
1575167643	353	7	2
1575167727	355	3	2
1575167733	361	0	2
1575167739	366	0	2
1575167742	371	0	2
1575167766	367	0	2
1575167772	373	3	2
1575167778	374	0	2
1575167781	372	0	2
1575170493	642	0	12
1575170496	679	0	12
1575170499	709	0	12
1575170502	728	0	12
1575170505	738	0	12
1575170508	737	0	12
1575170511	738	0	12
1575170514	738	0	12
1575170517	738	0	12
1575170520	737	0	12
1575170523	737	0	12
1575170526	737	0	12
1575170529	737	0	12
1575170532	737	0	12
1575170535	737	0	12
1575170538	737	0	12
1575170541	737	0	12
1575170544	737	0	12
1575170547	737	0	12
1575170550	737	0	12
1575170553	737	0	12
1575170556	737	0	12
1575170559	737	0	12
1575170562	737	0	12
1575170565	737	0	12
1575170568	737	0	12
1575170571	737	0	12
1575170574	737	0	12
1575170577	737	0	12
1575170580	737	0	12
1575170583	737	0	12
1575170586	737	0	12
1575170589	737	0	12
1575170592	737	0	12
1575170595	737	0	12
1575170598	737	0	12
1575170601	738	0	12
1575170604	737	0	12
1575170607	737	0	12
1575170610	737	0	12
1575170613	737	0	12
1575170616	737	0	12
1575170619	737	0	12
1575170622	737	0	12
1575170625	737	0	12
1575170628	737	0	12
1575170631	737	0	12
1575170634	736	0	12
1575170637	736	0	12
1575170640	737	0	12
1575170643	737	0	12
1575170646	737	0	12
1575170649	738	0	12
1575170652	737	0	12
1575170655	737	0	12
1575170658	737	0	12
1575170661	737	0	12
1575170664	737	0	12
1575170667	737	0	12
1575170670	737	0	12
1575170673	737	0	12
1575170676	737	0	12
1575170679	737	0	12
1575170682	737	0	12
1575170685	737	0	12
1575170688	737	0	12
1575170691	737	0	12
1575170694	737	0	12
1575170697	737	0	12
1575170700	737	0	12
1575170703	737	0	12
1575170706	737	0	12
1575170709	737	0	12
1575170712	737	0	12
1575170715	737	0	12
1575170718	737	0	12
1575170721	737	0	12
1575170724	737	0	12
1575170727	737	0	12
1575170730	737	0	12
1575170733	737	0	12
1575170736	737	0	12
1575170739	737	0	12
1575170742	737	0	12
1575170745	737	0	12
1575170748	737	0	12
1575170751	737	0	12
1575170754	737	0	12
1575170757	737	0	12
1575170760	737	0	12
1575170763	737	0	12
1575170766	737	0	12
1575170769	737	0	12
1575170772	737	0	12
1575170775	737	0	12
1575170778	737	0	12
1575170781	737	0	12
1575170784	737	0	12
1575170787	737	0	12
1575170790	737	0	12
1575170793	737	0	12
1575170796	737	0	12
1575170799	737	0	12
1575170802	737	0	12
1575170805	737	0	12
1575170808	737	0	12
1575170811	737	0	12
1575170814	737	0	12
1575170817	737	0	12
1575170820	737	0	12
1575170823	737	0	12
1575170826	737	0	12
1575170829	737	0	12
1575170832	737	0	12
1575170835	737	0	12
1575170838	737	0	12
1575170841	737	0	12
1575170844	737	0	12
1575170847	737	0	12
1575170850	737	0	12
1575170853	736	0	12
1575170856	737	0	12
1575170859	737	0	12
1575170862	737	0	12
1575170865	735	0	12
1575170868	736	0	12
1575170871	736	0	12
1575170874	737	0	12
1575170877	736	0	12
1575170880	737	0	12
1575170883	737	0	12
1575170886	737	0	12
1575170889	737	0	12
1575170892	737	0	12
1575170895	737	0	12
1575170898	737	0	12
1575170901	737	0	12
1575170904	737	0	12
1575170907	737	0	12
1575170910	737	0	12
1575170913	737	0	12
1575170916	737	0	12
1575170919	737	0	12
1575170922	737	0	12
1575170925	737	0	12
1575170928	737	0	12
1575170931	737	0	12
1575170934	737	0	12
1575170937	737	0	12
1575170940	737	0	12
1575170943	737	0	12
1575170946	737	0	12
1575170949	737	0	12
1575170952	737	0	12
1575170955	737	0	12
1575170958	737	0	12
1575170961	737	0	12
1575182946	352	0	2
1575182967	363	0	2
1575183084	362	4	2
1575183204	371	42	2
1575183381	344	0	2
1575183426	371	0	2
1575183531	370	6	2
1575183564	361	0	2
1575183594	362	0	2
1575183600	366	0	2
1575190071	371	0	2
1575190080	366	27	2
1575190182	352	6	2
1575190272	348	0	2
1575190296	359	4	2
1576024020	354	19	2
1576024029	361	3	2
1576024038	361	16	2
1576026255	458	39	2
1576026369	443	0	2
1576027545	369	51	2
1576028727	442	0	2
1576030452	437	0	2
1576031292	428	0	2
1576031751	444	0	2
1576034133	450	1	2
1576035483	441	1	2
1576035864	422	0	2
1576036116	439	0	2
1576036380	433	25	2
1576038252	424	0	2
1576038705	448	0	2
1576040166	345	8	2
1576040661	451	0	2
1576041849	466	17	2
1576042104	433	0	2
1576042272	452	0	2
1576042356	434	0	2
1576042977	453	0	2
1576043238	427	0	2
1576044417	435	0	2
1576045113	420	0	2
1576045362	370	0	2
1576047477	438	0	2
1576048482	431	0	2
1576049802	449	0	2
1576050009	449	9	2
1576050555	455	0	2
1576050888	456	65	2
1576052148	441	0	2
1576052409	407	0	2
1576052730	417	0	2
1576053897	431	0	2
1576055334	475	0	2
1576055829	484	0	2
1576056336	444	7	2
1576057356	444	22	2
1576058343	442	0	2
1576058511	447	0	2
1576058724	453	0	2
1576059708	372	0	2
1575616434	367	0	2
1575616788	367	1	2
1575617682	346	0	2
1575617685	354	73	2
1575617934	348	0	2
1575617940	363	0	2
1575617967	369	31	2
1575618150	401	0	2
1575618819	676	0	14
1575619953	355	0	2
1575620280	366	0	2
1575620979	372	0	2
1575621075	394	0	2
1575621165	399	0	2
1575621213	379	0	2
1575621282	368	2	2
1575621294	356	4	2
1575622077	356	7	2
1575622485	369	0	2
1575622494	363	0	2
1575622626	405	0	2
1575622641	357	0	2
1575622653	371	0	2
1575622659	377	0	2
1575622677	408	0	2
1575622917	377	3	2
1575623184	361	0	2
1575623763	350	2	2
1575623910	415	0	2
1575623964	398	13	2
1575624015	370	0	2
1575624102	369	50	2
1575624516	404	0	2
1575624825	378	0	2
1575625230	376	34	2
1575625326	369	0	2
1575625404	363	1	2
1575625467	368	32	2
1575626325	367	3	2
1575627228	382	0	2
1575627423	366	55	2
1575627453	369	29	2
1575627567	360	51	2
1575627585	364	0	2
1575628416	371	0	2
1575628437	370	0	2
1575628455	370	0	2
1575628509	367	12	2
1575628557	369	48	2
1575628641	367	6	2
1575628698	372	0	2
1575628791	399	27	2
1575629472	400	0	2
1575630315	353	0	2
1575630348	367	0	2
1575630465	358	43	2
1575630522	369	0	2
1575630615	369	0	2
1575630684	369	0	2
1575630768	428	0	2
1575633762	487	0	2
1575638871	650	0	14
1575638886	462	0	2
1575646311	457	0	2
1575661602	433	0	2
1575468462	421	0	2
1575468594	351	0	2
1575468672	475	0	2
1575472605	397	0	2
1575473166	454	155	2
1575474558	409	44	2
1575475470	412	0	2
1575477231	414	63	2
1575477522	430	1	2
1575478332	475	29	2
1575479802	472	0	2
1575480966	450	0	2
1575483240	426	30	2
1575484305	439	1	2
1575485298	432	0	2
1575485799	447	0	2
1575486360	457	14	2
1575487590	424	0	2
1575488037	467	26	2
1575488433	409	14	2
1575488823	412	0	2
1575489888	440	0	2
1575490548	429	0	2
1575490809	453	5	2
1575492816	399	0	2
1575493077	452	0	2
1575493815	451	0	2
1575495165	459	0	2
1575495855	465	0	2
1575496584	423	1	2
1575496983	518	0	2
1575498816	430	0	2
1575499476	432	21	2
1575500322	434	0	2
1575501909	358	1	2
1575501921	358	1	2
1575502035	369	0	2
1575502098	438	0	2
1575502125	417	0	2
1575502254	358	2	2
1575506781	347	0	2
1575314187	404	0	2
1575314265	407	0	2
1575314637	430	0	2
1575316080	373	0	2
1575318417	400	0	2
1575319299	374	0	2
1575322455	352	2	2
1575322884	382	0	2
1575324036	348	5	2
1575324597	371	0	2
1575324930	417	0	2
1575326046	373	0	2
1575327804	444	0	2
1575327990	476	0	2
1575328179	400	5	2
1575328917	385	0	2
1575330312	411	0	2
1575330570	368	32	2
1575331569	427	0	2
1575331572	410	0	2
1575332076	370	0	2
1575332529	411	0	2
1575333045	404	21	2
1575333804	368	5	2
1575335304	374	0	2
1575335664	431	0	2
1575336249	419	0	2
1575336690	371	0	2
1575338562	368	1	2
1575339039	351	1	2
1575339045	358	34	2
1575339048	365	7	2
1575339138	364	0	2
1575339390	366	0	2
1575340224	370	0	2
1575340392	371	0	2
1575340461	370	0	2
1575340647	368	33	2
1575340857	371	0	2
1575341622	369	0	2
1575341676	370	0	2
1575341973	369	0	2
1575342390	370	45	2
1575342408	366	0	2
1575342936	369	37	2
1575343083	359	0	2
1575343665	353	0	2
1575343686	364	0	2
1575343731	358	40	2
1575343776	286	0	2
