1456677624	395	0	1
1456677627	397	0	2
1456679133	396	60	1
1456679136	395	0	1
1456679424	394	21	1
1456679427	394	45	1
1456679430	396	34	1
1456679433	399	36	1
1456679436	400	38	1
1456679439	401	36	1
1456679442	401	37	1
1456679445	401	45	1
1456679448	402	40	1
1456679451	402	42	1
1456679454	402	39	1
1456679457	402	41	1
1456679460	401	40	1
1456679463	401	42	1
1456679466	401	42	1
1456679469	402	42	1
1456679472	402	42	1
1456679475	401	43	1
1456679478	402	44	1
1456679481	401	43	1
1456679484	401	44	1
1456679487	402	47	3
1456679490	409	106	2
1456679493	416	103	2
1456679496	422	117	3
1456679499	435	164	3
1456679502	446	160	3
1456679505	453	106	3
1456679508	444	105	2
1456679511	433	106	2
1456679514	422	108	2
1456679517	423	108	2
1456679520	423	111	2
1456679523	422	109	2
1456679526	422	110	2
1456679529	422	125	3
1456679532	434	174	3
1456679535	445	169	3
1456679538	457	167	3
1456679541	461	172	5
1456679544	466	39	4
1456679547	474	180	4
1456679550	479	166	4
1456679553	482	168	4
1456679556	482	214	5
1456679559	494	231	5
1456679562	507	233	5
1456679565	519	235	5
1456679568	519	235	5
1456679571	519	237	5
1456679574	519	241	5
1456679577	519	241	5
1456679580	520	241	5
1456679583	521	242	5
1456679586	521	242	5
1456679589	522	243	5
1456679592	522	247	5
1456679595	521	250	5
1456679598	521	248	5
1456679601	521	248	5
1456679604	521	250	5
1456679607	521	249	5
1456679610	521	250	5
1456679613	521	250	5
1456679616	521	248	5
1456679619	521	253	5
1456679622	521	251	5
1456679625	521	254	5
1456679628	521	257	5
1456679631	520	256	5
1456679634	510	189	5
1456679637	491	190	3
1456679640	473	190	3
1456679643	458	192	3
1456679646	460	156	3
1456679649	444	0	2
1456679799	392	0	1
1456679802	395	12	1
1456679805	398	38	1
1456679808	401	41	1
1456679811	403	44	1
1456679814	405	54	3
1456679817	411	102	2
1456679820	417	104	2
1456679823	426	132	3
1456679826	438	201	3
1456679829	448	203	5
1456679832	462	63	4
1456679835	470	127	4
1456679838	478	222	4
1456679841	481	236	4
1456679844	477	240	4
1456679847	478	272	5
1456679850	491	278	5
1456679853	504	281	5
1456679856	517	279	5
1456679859	518	295	6
1456679862	525	323	6
1456679865	531	328	6
1456679868	538	331	6
1456679871	542	365	7
1456679874	555	432	7
1456679877	566	434	7
1456679880	578	437	7
1456679883	579	436	7
1456679886	579	440	7
1456679889	579	437	8
1456679892	582	478	8
1456679895	587	478	8
1456679898	591	485	8
1456679901	594	516	9
1456679904	604	598	9
1456679907	615	605	9
1456679910	627	608	9
1456679913	633	613	9
1456679916	633	617	10
1456679919	637	673	10
1456679922	644	688	10
1456679925	652	691	10
1456679928	657	720	11
1456679943	700	868	13
1456679946	705	940	12
1456679949	714	953	12
1456679952	722	956	13
1456679955	736	1068	13
1456679958	751	1107	13
1456679961	765	1121	13
1456679964	777	1132	13
1456679967	777	1123	13
1456679970	779	1130	13
1456679973	779	1129	13
1456679976	779	1133	13
1456679979	779	1129	13
1456679982	780	1131	13
1456679985	780	1137	13
1456679988	780	1135	13
1456679991	780	1130	13
1456679994	780	1138	13
1456679997	779	1140	13
1456680000	779	1140	13
1456680003	779	1137	13
1456680006	778	1141	13
1456680009	779	1137	13
1456680012	778	1137	13
1456680015	778	1137	13
1456680018	778	1134	13
1456680021	778	1137	13
1456680024	778	1140	13
1456680027	778	1149	13
1456680030	779	1143	13
1456680033	778	1146	13
1456680036	779	1151	13
1456680039	779	1149	13
1456680042	780	1152	13
1456680045	780	1145	13
1456680048	779	1150	13
1456680051	780	1146	13
1456680054	780	1158	13
1456680057	779	1155	13
1456680060	779	1157	13
1456680063	779	1152	13
1456680066	779	1158	13
1456680069	780	1163	13
1456680072	780	1160	13
1456680075	780	1157	13
1456680078	780	1155	13
1456680081	779	1158	13
1456680084	779	1156	13
1456680087	779	1156	13
1456680090	780	1153	13
1456680093	780	1152	13
1456680096	780	1151	13
1456680099	779	1145	13
1456680102	780	1149	13
1456680105	780	1148	13
1456680108	780	1140	13
1456680111	780	1143	13
1456680114	780	1144	13
1456680117	780	1140	13
1456680120	780	1140	13
1456680123	780	1137	13
1456680126	780	1136	13
1456680129	780	1136	13
1456680132	780	1143	13
1456680135	779	1055	13
1456680138	754	778	11
1456680141	709	622	9
1456680144	643	276	7
1456680147	564	5	3
1456680219	390	1	1
1456680222	393	33	1
1456680225	397	40	2
1456680228	407	87	2
1456680231	415	91	2
1456680234	423	107	3
1456680237	436	204	3
1456680240	447	174	5
1456680243	466	117	4
1456680246	473	250	5
1456680249	489	274	5
1456680252	500	279	5
1456680255	508	283	7
1456680258	519	320	6
1456680261	525	326	6
1456680264	537	393	7
1456680267	554	430	7
1456680270	566	435	8
1456680273	580	473	8
1456680276	584	485	8
1456680279	589	484	8
1456680282	594	487	8
1456680285	594	504	9
1456680288	603	599	9
1456680291	616	609	9
1456680294	628	647	10
1456680297	642	683	10
1456680300	648	686	10
1456680303	655	696	10
1456680306	656	710	11
1456680312	679	845	11
1456680315	693	859	11
1456680318	702	861	11
1456680327	703	929	13
1456680330	712	967	12
1456680333	721	969	12
1456680336	729	973	12
1456680339	730	978	12
1456680342	731	1021	13
1456680345	741	1089	13
1456680348	756	1129	13
1456680351	770	1145	13
1456680354	781	1205	13
1456680357	779	1173	13
1456680360	780	1159	13
1456680363	779	1157	13
1456680366	780	1146	13
1456680369	780	1148	13
1456680372	780	1147	13
1456680375	781	1141	13
1456680378	781	1149	13
1456680381	780	1142	13
1456680384	780	1141	13
1456680387	780	1148	13
1456680390	780	1149	13
1456680393	781	1145	13
1456680396	781	1140	13
1456680399	781	1141	13
1456680402	781	1137	13
1456680405	781	1140	13
1456680408	780	1137	13
1456680411	780	1140	13
1456680414	780	1143	13
1456680417	780	1143	13
1456680420	780	1145	13
1456680423	780	1141	13
1456680426	780	1147	13
1456680429	779	1146	13
1456680432	779	1148	13
1456680435	779	1146	13
1456680438	780	1153	13
1456680441	781	1150	13
1456680444	781	1145	13
1456680447	781	1259	13
1456680450	778	1185	13
1456680453	779	1168	13
1456680456	778	1166	13
1456680459	780	1165	13
1456680462	780	1157	13
1456680465	780	1159	13
1456680468	780	1150	13
1456680471	780	1155	13
1456680474	780	1158	13
1456680477	780	1152	13
1456680480	780	1154	13
1456680483	781	1154	13
1456680486	780	1157	13
1456680489	780	1154	13
1456680492	780	1151	13
1456680495	780	1148	13
1456680498	780	1151	13
1456680501	779	1154	13
1456680504	780	1153	13
1456680507	780	1146	13
1456680510	780	1144	13
1456680513	780	1148	13
1456680516	780	1153	13
1456680519	780	1150	13
1456680522	780	1150	13
1456680525	780	1098	13
1456680528	765	904	11
1456680531	741	891	11
1456680534	716	870	11
1456680537	687	674	9
1456680540	668	653	9
1456680543	648	646	9
1456680546	632	646	9
1456680549	632	643	9
1456680552	633	646	9
1456680555	633	644	9
1456680558	634	643	9
1456680561	629	526	9
1456680564	611	480	7
1456680567	595	474	7
1456680570	580	462	7
1456680573	567	210	5
1456680576	533	54	12
1456683168	393	0	1
1456683171	393	56	1
1456683174	395	30	1
1456683177	398	34	1
1456683180	399	37	1
1456683183	402	36	1
1456683186	402	38	1
1456683189	403	40	1
1456683192	403	43	1
1456683195	402	42	1
1456683198	402	45	1
1456683201	402	40	1
1456683204	402	41	1
1456683207	402	42	3
1456683210	407	82	2
1456683213	412	96	2
1456683216	417	99	2
1456683219	421	104	3
1456683222	429	160	3
1456683225	440	159	3
1456683228	451	161	3
1456683231	457	160	3
1456683234	457	132	5
1456683237	466	15	4
1456683240	476	5	4
1456683243	486	3	4
1456683246	490	3	4
1456683249	489	2	4
1456683252	489	2	5
1456683255	499	3	5
1456683258	512	3	5
1456683261	526	3	5
1456683264	534	3	5
1456683267	535	3	5
1456683270	534	4	5
1456683273	535	4	5
1456683276	535	3	5
1456683279	535	4	5
1456683282	535	4	5
1456683285	536	4	7
1456683288	544	4	6
1456683291	550	4	6
1456683294	558	4	6
1456683297	559	5	6
1456683300	559	5	7
1456683303	569	5	7
1456683306	584	4	7
1456683309	596	5	7
1456683312	603	4	7
1456683315	604	6	7
1456683318	604	5	7
1456683321	604	6	7
1456683324	604	5	8
1456683327	610	6	8
1456683330	616	5	8
1456683333	629	5	9
1456683336	644	8	9
1456683339	659	6	9
1456683342	672	8	9
1456683345	675	6	10
1456683348	682	7	10
1456683351	692	8	11
1456683372	751	8	13
1456683375	760	10	12
1456683378	769	11	12
1456683381	778	9	13
1456683384	789	10	13
1456683387	805	11	13
1456683390	821	11	13
1456683393	832	10	13
1456683396	833	11	13
1456683399	833	11	13
1456683402	832	12	13
1456683405	832	12	13
1456683408	832	12	13
1456683411	832	12	13
1456683414	832	12	13
1456683417	832	14	13
1456683420	832	12	13
1456683423	832	14	13
1456683426	832	14	13
1456683429	832	14	13
1456683432	832	16	13
1456683435	831	12	13
1456683438	831	16	13
1456683441	831	13	13
1456683444	831	15	13
1456683447	831	13	13
1456683450	831	13	13
1456683453	831	14	13
1456683456	830	14	13
1456683459	830	14	13
1456683462	830	16	13
1456683465	830	13	13
1456683468	831	16	13
1456683471	832	13	13
1456683474	832	15	13
1456683477	832	14	13
1456683480	832	13	13
1456683483	832	14	13
1456683486	832	13	13
1456683489	832	15	13
1456683492	831	13	13
1456683495	831	13	13
1456683498	831	11	13
1456683501	831	10	13
1456683504	832	10	13
1456683507	832	12	13
1456683510	832	10	13
1456683513	832	9	13
1456683516	832	9	13
1456683519	832	11	13
1456683522	832	10	13
1456683525	832	12	13
1456683528	832	13	13
1456683531	832	8	13
1456683534	832	8	13
1456683537	833	10	13
1456683540	832	8	13
1456683543	832	11	13
1456683546	832	11	13
1456683549	832	10	13
1456683552	832	10	13
1456683555	832	10	13
1456683558	831	10	13
1456683561	831	10	13
1456683564	831	11	13
1456683567	832	10	13
1456683570	832	10	13
1456683573	832	10	13
1456683576	832	11	13
1456683579	832	10	13
1456683582	831	10	13
1456683585	832	10	13
1456683588	831	10	13
1456683591	831	9	13
1456683594	832	11	13
1456683597	832	12	13
1456683600	832	10	13
1456683603	832	10	13
1456683606	832	10	13
1456683609	833	12	13
1456683612	833	9	13
1456683615	832	11	13
1456683618	832	10	13
1456683621	831	12	13
1456683624	831	11	13
1456683627	831	11	13
1456683630	831	11	13
1456683633	831	12	13
1456683636	832	13	13
1456683639	832	12	13
1456683642	831	14	13
1456683645	831	13	13
1456683648	831	14	13
1456683651	831	12	13
1456683654	831	12	13
1456683657	830	13	13
1456683660	830	13	13
1456683663	830	11	13
1456683666	830	12	13
1456683669	830	12	13
1456683672	832	17	13
1456683675	832	13	13
1456683678	832	17	13
1456683681	832	16	13
1456683684	832	72	13
1456683687	830	208	13
1456683690	825	419	13
1456683693	815	649	13
1456683696	801	755	13
1456683699	767	838	11
1456683702	731	864	11
1456683705	704	864	11
1456683708	692	881	11
1456683711	698	870	11
1456683714	700	874	11
1456683717	701	780	11
1456683720	680	649	9
1456683723	660	643	9
1456683726	639	645	9
1456683729	631	643	9
1456683732	632	639	9
1456683735	632	637	9
1456683738	632	717	9
1456683741	631	653	9
1456683744	631	648	9
1456683747	631	640	9
1456683750	632	632	9
1456683753	632	632	9
1456683756	632	635	9
1456683759	632	626	9
1456683762	633	627	9
1456683765	633	630	9
1456683768	633	632	9
1456683771	633	630	9
1456683774	633	630	9
1456683777	633	631	9
1456683780	633	635	9
1456683783	633	633	9
1456683786	633	633	9
1456683789	633	631	9
1456683792	634	635	9
1456683795	634	630	9
1456683798	633	634	9
1456683801	633	635	9
1456683804	634	627	9
1456683807	634	630	9
1456683810	634	629	9
1456683813	634	628	9
1456683816	634	631	9
1456683819	634	632	10
1456683822	645	722	11
1456683840	701	870	11
1456683843	702	866	11
1456683846	702	864	11
1456683849	702	871	11
1456683852	694	612	9
1456683855	647	138	7
1456683858	565	0	2
1456683930	392	0	1
1456683933	394	22	1
1456683936	397	31	1
1456683939	400	35	3
1456683942	406	73	2
1456683945	413	83	2
1456683948	420	86	2
1456683951	424	88	2
1456683954	429	122	3
1456683957	441	210	3
1456683960	452	116	5
1456683963	470	100	5
1456683966	481	248	5
1456683969	500	287	5
1456683972	509	287	5
1456683975	516	288	5
1456683978	514	304	6
1456683981	521	338	6
1456683984	528	336	6
1456683987	534	333	6
1456683990	537	343	7
1456683993	545	429	7
1456683996	556	435	7
1456683999	568	439	7
1456684002	575	438	8
1456684005	578	478	8
1456684008	583	480	8
1456684011	588	486	9
1456684014	598	587	9
1456684017	611	611	9
1456684020	624	616	9
1456684023	633	618	9
1456684026	632	622	9
1456684029	633	624	9
1456684032	633	622	9
1456684035	633	624	9
1456684038	633	620	9
1456684041	633	624	9
1456684044	633	628	9
1456684047	633	625	9
1456684050	632	625	9
1456684053	632	626	9
1456684056	632	624	9
1456684059	634	656	10
1456684062	641	694	10
1456684065	648	699	10
1456684068	654	706	10
1456684071	656	734	11
1456684287	702	763	11
1456684290	680	660	9
1456684293	658	655	9
1456684296	636	652	9
1456684299	632	652	9
1456684302	632	711	9
1456684305	632	662	9
1456684308	632	651	9
1456684311	632	640	9
1456684314	633	642	9
1456684317	633	639	9
1456684320	633	641	9
1456684323	633	637	9
1456684326	633	635	9
1456684329	633	637	9
1456684332	633	637	9
1456684335	633	635	9
1456684338	633	636	9
1456684341	633	633	9
1456684344	633	634	9
1456684347	633	639	9
1456684350	633	634	9
1456684353	633	632	9
1456684356	633	635	9
1456684359	634	637	9
1456684362	633	639	9
1456684365	633	636	9
1456684368	632	636	9
1456684371	632	634	9
1456684374	632	631	9
1456684377	632	639	9
1456684380	632	635	9
1456684383	632	637	9
1456684386	632	636	9
1456684389	632	634	9
1456684392	633	638	9
1456684395	633	635	9
1456684398	633	635	9
1456684401	633	637	9
1456684404	633	637	9
1456684407	634	642	9
1456684410	634	637	9
1456684413	634	637	9
1456684416	634	632	9
1456684419	634	634	9
1456684422	634	640	9
1456684425	634	631	9
1456684428	633	635	9
1456684431	633	642	9
1456684434	633	632	9
1456684437	634	637	9
1456684440	634	636	9
1456684443	634	630	9
1456684446	634	635	9
1456684449	634	634	9
1456684452	634	635	9
1456684455	634	633	9
1456684458	634	632	9
1456684461	634	634	9
1456684464	634	630	9
1456684467	634	633	9
1456684470	634	633	9
1456684473	633	630	9
1456684476	634	637	9
1456684479	634	633	9
1456684482	634	636	9
1456684485	634	636	9
1456684488	634	635	9
1456684491	634	635	9
1456684494	634	628	9
1456684497	634	636	9
1456684500	634	632	9
1456684503	634	632	9
1456684506	634	632	9
1456684509	634	638	9
1456684512	634	639	9
1456684515	634	636	9
1456684518	634	640	9
1456684521	634	638	9
1456684524	634	636	9
1456684527	634	630	9
1456684530	634	636	9
1456684533	632	529	9
1456684536	615	474	7
1456684539	598	474	7
1456684542	582	472	7
1456684545	578	464	7
1456684548	577	464	7
1456684551	577	464	7
1456684554	576	455	7
1456684557	575	457	7
1456684560	575	459	7
1456684563	575	457	7
1456684566	575	458	7
1456684569	575	457	7
1456684572	575	457	7
1456684575	575	458	7
1456684578	575	460	7
1456684581	575	464	7
1456684584	576	459	7
1456684587	577	461	7
1456684590	577	470	7
1456684593	577	468	7
1456684596	577	483	8
1456684599	581	498	8
1456684602	586	501	9
1456684605	597	589	9
1456684608	612	626	9
1456684611	624	625	9
1456684614	635	627	9
1456684617	635	625	9
1456684620	635	628	9
1456684623	635	629	9
1456684626	635	626	9
1456684629	638	680	11
1456684632	645	702	10
1456684635	653	711	10
1456684638	659	702	10
1456684641	661	780	11
1456684659	703	883	13
1456684662	708	949	12
1456684665	717	958	12
1456684668	725	1013	13
1456684671	747	1124	13
1456684674	759	1123	13
1456684677	775	1144	13
1456684680	780	1142	13
1456684683	779	1141	13
1456684686	780	1147	13
1456684689	780	1144	13
1456684692	781	1146	13
1456684695	781	1141	13
1456684698	781	1133	13
1456684701	780	1143	13
1456684704	780	1149	13
1456684707	781	1139	13
1456684710	781	1144	13
1456684713	781	1136	13
1456684716	781	1138	13
1456684719	781	1141	13
1456684722	781	1147	13
1456684725	781	1140	13
1456684728	781	1141	13
1456684731	781	1144	13
1456684734	781	1138	13
1456684737	781	1140	13
1456684740	781	1139	13
1456684743	781	1142	13
1456684746	780	1140	13
1456684749	780	1140	13
1456684752	780	1146	13
1456684755	780	1140	13
1456684758	780	1149	13
1456684761	780	1151	13
1456684764	781	1151	13
1456684767	781	1142	13
1456684770	781	1149	13
1456684773	781	1148	13
1456684776	781	1146	13
1456684779	781	1150	13
1456684782	781	1146	13
1456684785	781	1151	13
1456684788	780	1146	13
1456684791	780	1151	13
1456684794	780	1163	13
1456684797	781	1154	13
1456684800	781	1161	13
1456684803	781	1154	13
1456684806	781	1157	13
1456684809	781	1156	13
1456684812	780	1150	13
1456684815	781	1156	13
1456684818	780	1160	13
1456684821	781	1160	13
1456684824	780	1161	13
1456684827	781	1163	13
1456684830	781	1159	13
1456684833	781	1148	13
1456684836	780	1159	13
1456684839	781	1151	13
1456684842	781	1159	13
1456684845	781	1151	13
1456684848	781	1152	13
1456684851	781	1155	13
1456684854	781	1155	13
1456684857	781	1150	13
1456684860	781	1159	13
1456684863	781	1158	13
1456684866	781	1160	13
1456684869	780	1161	13
1456684872	780	1159	13
1456684875	780	1153	13
1456684878	780	1151	13
1456684881	781	1161	13
1456684884	780	1153	13
1456684887	780	1163	13
1456684890	780	1162	13
1456684893	780	1169	13
1456684896	781	1166	13
1456684899	781	1169	13
1456684902	781	1168	13
1456684905	781	1171	13
1456684908	781	1170	13
1456684911	781	1169	13
1456684914	781	1163	13
1456684917	781	1167	13
1456684920	780	1168	13
1456684923	780	1170	13
1456684926	779	1164	13
1456684929	779	1167	13
1456684932	779	1173	13
1456684935	779	1170	13
1456684938	779	1170	13
1456684941	779	1168	13
1456684944	779	1173	13
1456684947	781	1176	13
1456684950	780	1174	13
1456684953	781	1185	13
1456684956	780	1182	13
1456684959	780	1190	13
1456684962	780	1184	13
1456684965	781	1186	13
1456684968	781	1190	13
1456684971	781	1195	13
1456684974	781	1191	13
1456684977	781	1172	13
1456684980	782	1140	13
1456684983	782	1165	13
1456684986	781	1170	13
1456684989	782	899	13
1456684992	782	1085	13
1456684995	779	1136	13
1456684998	780	1136	13
1456685001	776	1140	13
1456685004	780	1145	13
1456685007	780	1148	13
1456685010	781	1148	13
1456685013	780	1145	13
1456685016	781	1149	13
1456685019	780	1147	13
1456685022	781	1143	13
1456685025	781	1140	13
1456685028	781	1143	13
1456685031	781	1144	13
1456685034	781	1150	13
1456685037	780	1145	13
1456685040	781	1143	13
1456685043	781	1146	13
1456685046	781	1146	13
1456685049	781	1145	13
1456685052	782	1155	13
1456685055	782	1147	13
1456685058	781	1150	13
1456685061	781	1154	13
1456685064	781	1150	13
1456685067	781	1156	13
1456685070	781	1155	13
1456685073	781	1148	13
1456685076	781	1159	13
1456685079	781	1159	13
1456685082	781	1160	13
1456685085	781	1295	13
1456685088	779	1190	13
1456685091	780	1189	13
1456685094	779	1171	13
1456685097	781	1176	13
1456685100	781	1166	13
1456685103	781	1174	13
1456685106	781	1180	13
1456685109	781	1180	13
1456685112	781	1183	13
1456685115	780	1186	13
1456685118	780	1187	13
1456685121	780	1180	13
1456685124	780	1179	13
1456685127	780	1175	13
1456685130	780	1179	13
1456685133	780	1185	13
1456685136	780	1189	13
1456685139	781	1190	13
1456685142	781	1197	13
1456685145	781	1190	13
1456685148	780	1195	13
1456685151	780	1192	13
1456685154	780	1197	13
1456685157	780	1184	13
1456685160	781	1184	13
1456685163	781	1196	13
1456685166	781	1186	13
1456685169	781	1191	13
1456685172	781	1187	13
1456685175	781	1183	13
1456685178	780	1180	13
1456685181	780	1184	13
1456685184	780	1176	13
1456685187	780	1177	13
1456685190	781	1170	13
1456685193	781	1039	13
1456685196	755	757	11
1456685199	704	392	8
1456685202	622	142	5
1456685205	526	0	2
1456685973	395	2	1
1456685976	397	20	1
1456685979	399	25	3
1456685982	408	54	2
1456685985	419	70	3
1456685988	440	150	3
1456685991	454	149	4
1456685994	472	93	5
1456685997	485	211	5
1456686000	502	313	5
1456686003	513	314	6
1456686006	525	353	6
1456686009	529	389	7
1456686012	547	453	7
1456686015	560	460	7
1456686018	572	463	7
1456686021	575	469	7
1456686024	575	461	7
1456686027	575	468	7
1456686030	575	466	7
1456686033	575	469	7
1456686036	575	468	7
1456686039	575	462	7
1456686042	575	463	7
1456686045	574	467	7
1456686048	574	464	7
1456686051	574	463	7
1456686054	573	464	7
1456686057	573	463	7
1456686060	573	461	7
1456686063	573	461	7
1456686066	573	463	7
1456686069	574	467	7
1456686072	575	468	7
1456686075	575	469	7
1456686078	576	468	7
1456686081	576	467	7
1456686084	576	464	7
1456686087	576	465	7
1456686090	576	467	7
1456686093	576	465	7
1456686096	576	463	7
1456686099	576	466	7
1456686102	576	462	7
1456686105	576	461	7
1456686108	576	462	7
1456686111	576	463	7
1456686114	576	462	7
1456686117	576	462	7
1456686120	576	460	7
1456686123	576	459	7
1456686126	577	459	7
1456686129	577	461	7
1456686132	577	457	7
1456686135	577	455	7
1456686138	577	458	7
1456686141	577	457	7
1456686144	577	457	7
1456686147	577	459	7
1456686150	577	458	7
1456686153	577	457	7
1456686156	577	454	7
1456686159	578	456	7
1456686162	578	455	7
1456686165	578	462	7
1456686168	578	457	7
1456686171	578	454	7
1456686174	578	459	7
1456686177	578	455	7
1456686180	576	384	7
1456686183	548	138	5
1456686186	498	0	2
1456686735	395	0	1
1456686738	398	54	1
1456686741	399	50	1
1456686744	401	51	1
1456686747	401	51	1
1456686750	402	54	1
1456686753	403	52	1
1456686756	403	52	1
1456686759	402	53	1
1456686762	402	53	1
1456686765	402	53	1
1456686768	402	54	1
1456686771	402	54	1
1456686774	402	54	1
1456686777	402	54	1
1456686780	402	53	1
1456686783	402	53	1
1456686786	402	53	1
1456686789	402	53	1
1456686792	402	53	1
1456686795	402	52	1
1456686798	403	51	1
1456686801	402	52	1
1456686804	402	52	1
1456686807	402	53	1
1456686810	402	53	1
1456686813	402	51	1
1456686816	402	51	1
1456686819	402	52	1
1456686822	402	52	1
1456686825	402	52	1
1456686828	402	53	1
1456686831	402	53	1
1456686834	402	51	1
1456686837	403	52	1
1456686840	403	51	1
1456686843	403	51	1
1456686846	403	51	1
1456686849	403	51	1
1456686852	403	50	1
1456686855	402	49	1
1456686858	402	50	1
1456686861	403	50	1
1456686864	403	51	1
1456686867	402	51	1
1456686870	402	50	1
1456686873	402	51	1
1456686876	402	50	1
1456686879	402	0	2
1456689423	395	93	1
1456689426	394	30	1
1456689429	396	31	1
1456689432	399	34	1
1456689435	402	34	1
1456689438	402	36	1
1456689441	402	40	1
1456689444	402	43	1
1456689447	402	39	1
1456689450	402	40	1
1456689453	403	41	1
1456689456	403	40	1
1456689459	403	42	1
1456689462	403	43	1
1456689465	402	41	1
1456689468	403	42	1
1456689471	403	41	1
1456689474	403	44	1
1456689477	403	43	1
1456689480	402	42	3
1456689483	406	62	2
1456689486	412	100	2
1456689489	417	97	2
1456689492	420	103	2
1456689495	418	104	2
1456689498	419	104	2
1456689501	419	105	2
1456689504	419	106	2
1456689507	425	136	3
1456689510	437	165	3
1456689513	448	165	3
1456689516	458	164	3
1456689519	458	164	3
1456689522	459	165	3
1456689525	461	166	3
1456689528	460	167	3
1456689531	460	168	5
1456689534	464	44	4
1456689537	471	184	4
1456689540	476	172	4
1456689543	480	177	4
1456689546	478	180	4
1456689549	478	179	4
1456689552	478	179	4
1456689555	482	238	5
1456689558	496	240	5
1456689561	508	241	5
1456689564	520	239	5
1456689567	520	241	5
1456689570	520	242	5
1456689573	519	242	5
1456689576	520	244	5
1456689579	520	246	5
1456689582	520	244	5
1456689585	519	248	5
1456689588	519	244	5
1456689591	519	261	6
1456689594	526	274	6
1456689597	533	273	7
1456689600	547	358	7
1456689603	561	395	7
1456689606	572	398	7
1456689609	581	404	7
1456689612	580	405	7
1456689615	581	404	7
1456689618	580	405	7
1456689621	581	411	7
1456689624	581	410	7
1456689627	581	411	7
1456689630	582	433	8
1456689633	587	453	8
1456689636	591	457	8
1456689639	595	454	8
1456689642	595	483	9
1456689645	605	583	9
1456689648	617	590	9
1456689651	629	596	9
1456689654	635	592	9
1456689657	635	598	9
1456689660	635	601	9
1456689663	636	597	9
1456689666	636	602	9
1456689669	636	616	10
1456689672	641	671	10
1456689675	647	680	10
1456689678	655	681	10
1456689681	659	680	10
1456689684	659	685	11
1456689750	705	934	13
1456689753	714	955	12
1456689756	721	963	12
1456689759	733	1042	13
1456689762	749	1119	13
1456689765	763	1118	13
1456689768	777	1135	13
1456689771	778	1132	13
1456689774	780	1130	13
1456689777	780	1140	13
1456689780	780	1150	13
1456689783	781	1144	13
1456689786	781	1143	13
1456689789	781	1140	13
1456689792	781	1142	13
1456689795	781	1143	13
1456689798	781	1141	13
1456689801	781	1145	13
1456689804	780	1148	13
1456689807	780	1147	13
1456689810	780	1150	13
1456689813	780	1149	13
1456689816	781	1148	13
1456689819	780	1149	13
1456689822	781	1154	13
1456689825	781	1153	13
1456689828	781	1149	13
1456689831	781	1145	13
1456689834	780	1147	13
1456689837	780	1148	13
1456689840	780	1151	13
1456689843	780	1153	13
1456689846	780	1152	13
1456689849	780	1152	13
1456689852	780	1159	13
1456689855	780	1158	13
1456689858	780	1154	13
1456689861	780	1156	13
1456689864	780	1155	13
1456689867	780	1165	13
1456689870	780	1162	13
1456689873	780	1157	13
1456689876	781	1157	13
1456689879	780	1159	13
1456689882	781	1164	13
1456689885	780	1167	13
1456689888	780	1167	13
1456689891	780	1162	13
1456689894	780	1171	13
1456689897	780	1166	13
1456689900	780	1168	13
1456689903	781	1166	13
1456689906	781	1163	13
1456689909	781	1167	13
1456689912	780	1163	13
1456689915	780	1162	13
1456689918	780	1163	13
1456689921	781	1164	13
1456689924	780	1167	13
1456689927	781	1163	13
1456689930	781	1158	13
1456689933	781	1164	13
1456689936	780	1161	13
1456689939	780	1158	13
1456689942	780	1156	13
1456689945	780	1156	13
1456689948	780	1157	13
1456689951	780	1151	13
1456689954	780	1157	13
1456689957	780	1152	13
1456689960	780	1156	13
1456689963	780	1152	13
1456689966	780	1152	13
1456689969	780	1146	13
1456689972	780	1146	13
1456689975	780	1151	13
1456689978	781	1158	13
1456689981	781	1153	13
1456689984	781	1146	13
1456689987	781	1151	13
1456689990	780	1145	13
1456689993	781	1148	13
1456689996	780	1147	13
1456689999	781	1144	13
1456690002	781	1146	13
1456690005	781	1153	13
1456690008	780	1182	13
1456690011	779	1182	13
1456690014	780	1160	13
1456690017	779	1164	13
1456690020	781	1164	13
1456690023	781	1157	13
1456690026	781	1157	13
1456690029	781	1153	13
1456690032	780	1150	13
1456690035	781	1151	13
1456690038	781	1153	13
1456690041	781	1151	13
1456690044	781	1150	13
1456690047	781	1149	13
1456690050	781	1147	13
1456690053	781	1150	13
1456690056	781	1149	13
1456690059	781	1153	13
1456690062	781	1156	13
1456690065	781	1155	13
1456690068	781	1154	13
1456690071	781	1160	13
1456690074	781	1158	13
1456690077	781	1153	13
1456690080	781	1164	13
1456690083	781	1167	13
1456690086	781	1286	13
1456690089	778	1190	13
1456690092	779	1189	13
1456690095	779	1167	13
1456690098	781	1168	13
1456690101	781	1172	13
1456690104	781	1163	13
1456690107	780	1165	13
1456690110	780	1163	13
1456690113	781	1166	13
1456690116	781	1161	13
1456690119	781	1165	13
1456690122	780	1161	13
1456690125	780	1166	13
1456690128	780	1168	13
1456690131	781	1166	13
1456690134	780	1176	13
1456690137	780	1167	13
1456690140	781	1166	13
1456690143	780	1169	13
1456690146	780	1169	13
1456690149	780	1177	13
1456690152	780	1177	13
1456690155	780	1181	13
1456690158	780	1179	13
1456690161	780	1180	13
1456690164	780	1179	13
1456690167	780	1176	13
1456690170	781	1180	13
1456690173	781	1177	13
1456690176	781	1184	13
1456690179	781	1188	13
1456690182	780	1194	13
1456690185	781	1185	13
1456690188	780	1187	13
1456690191	781	1187	13
1456690194	781	1193	13
1456690197	781	1179	13
1456690200	781	1188	13
1456690203	781	1180	13
1456690206	781	1188	13
1456690209	781	1182	13
1456690212	781	1184	13
1456690215	780	1184	13
1456690218	781	1178	13
1456690221	781	1172	13
1456690224	781	1171	13
1456690227	781	1165	13
1456690230	780	1168	13
1456690233	781	1162	13
1456690236	781	1163	13
1456690239	781	1165	13
1456690242	781	1166	13
1456690245	781	1160	13
1456690248	782	1157	13
1456690251	782	1158	13
1456690254	782	1165	13
1456690257	781	1163	13
1456690260	781	1169	13
1456690263	782	1169	13
1456690266	781	1171	13
1456690269	781	1163	13
1456690272	781	1170	13
1456690275	782	1168	13
1456690278	782	1169	13
1456690281	782	1177	13
1456690284	782	1171	13
1456690287	781	1168	13
1456690290	781	1174	13
1456690293	781	1183	13
1456690296	781	1175	13
1456690299	781	1172	13
1456690302	781	1180	13
1456690305	781	1171	13
1456690308	781	1171	13
1456690311	781	1170	13
1456690314	781	1167	13
1456690317	781	1169	13
1456690320	781	1165	13
1456690323	781	1139	13
1456690326	768	915	11
1456690329	743	909	11
1456690332	719	894	11
1456690335	700	896	11
1456690338	702	893	11
1456690341	702	894	11
1456690344	701	897	11
1456690347	701	896	11
1456690350	701	894	11
1456690353	701	885	11
1456690356	701	891	11
1456690359	701	894	11
1456690362	702	895	11
1456690365	702	899	11
1456690368	702	892	11
1456690371	702	889	11
1456690374	701	896	11
1456690377	701	893	11
1456690380	702	933	13
1456690383	710	977	12
1456690386	718	999	13
1456690389	735	1083	13
1456690392	752	1125	13
1456690395	766	1144	13
1456690398	778	1151	13
1456690401	778	1153	13
1456690404	780	1139	13
1456690407	779	1154	13
1456690410	779	1150	13
1456690413	779	1141	13
1456690416	779	1144	13
1456690419	780	1158	13
1456690422	779	1150	13
1456690425	780	1158	13
1456690428	779	1155	13
1456690431	779	1168	13
1456690434	780	1161	13
1456690437	780	1163	13
1456690440	780	1166	13
1456690443	780	1162	13
1456690446	780	1173	13
1456690449	780	1157	13
1456690452	780	1173	13
1456690455	780	1165	13
1456690458	780	1159	13
1456690461	780	1158	13
1456690464	780	1158	13
1456690467	780	1159	13
1456690470	780	1149	13
1456690473	780	1159	13
1456690476	779	1154	13
1456690479	779	1152	13
1456690482	779	1153	13
1456690485	780	1157	13
1456690488	780	1153	13
1456690491	780	1156	13
1456690494	780	1159	13
1456690497	780	1155	13
1456690500	780	1150	13
1456690503	780	1154	13
1456690506	780	1152	13
1456690509	780	1154	13
1456690512	779	1155	13
1456690515	779	1158	13
1456690518	779	1156	13
1456690521	779	1166	13
1456690524	779	1164	13
1456690527	779	1161	13
1456690530	779	1170	13
1456690533	779	1167	13
1456690536	780	1171	13
1456690539	780	1173	13
1456690542	780	1172	13
1456690545	780	1171	13
1456690548	780	1166	13
1456690551	780	1168	13
1456690554	779	1164	13
1456690557	779	1174	13
1456690560	779	1167	13
1456690563	779	1165	13
1456690566	779	1102	13
1456690569	762	912	11
1456690572	738	913	11
1456690575	715	911	11
1456690578	699	912	11
1456690581	699	783	11
1456690584	679	675	9
1456690587	658	665	9
1456690590	638	666	9
1456690593	632	557	9
1456690596	615	487	7
1456690599	598	415	7
1456690602	551	166	3
1456690605	505	0	1
1456690701	384	0	1
1456690704	389	33	1
1456690707	395	40	1
1456690710	404	70	3
1456690713	411	118	3
1456690716	429	199	3
1456690719	444	201	5
1456690722	474	56	5
1456690725	504	245	7
1456690728	543	402	7
1456690731	566	423	7
1456690734	577	431	7
1456690737	574	434	7
1456690740	573	436	7
1456690743	574	440	7
1456690746	574	442	7
1456690749	575	448	7
1456690752	575	452	7
1456690755	576	452	7
1456690758	577	449	7
1456690761	578	449	7
1456690764	578	446	7
1456690767	578	446	7
1456690770	578	448	7
1456690773	578	443	7
1456690776	578	443	7
1456690779	578	445	7
1456690782	579	441	7
1456690785	578	446	7
1456690788	578	441	7
1456690791	578	441	7
1456690794	579	443	7
1456690797	578	438	7
1456690800	579	445	7
1456690803	578	438	7
1456690806	579	444	7
1456690809	579	438	7
1456690812	579	436	7
1456690815	579	435	7
1456690818	579	436	7
1456690821	579	433	7
1456690824	579	439	7
1456690827	579	434	7
1456690830	579	435	7
1456690833	579	432	7
1456690836	580	427	7
1456690839	580	432	7
1456690842	579	431	7
1456690845	578	351	7
1456690848	558	283	5
1456690851	540	282	5
1456690854	522	278	5
1456690857	508	186	5
1456690860	491	97	3
1456690995	395	0	1
1456690998	397	20	1
1456691001	399	34	1
1456691004	405	53	3
1456691007	413	82	2
1456691010	423	103	3
1456691013	442	207	3
1456691016	451	208	3
1456691019	460	210	3
1456691022	458	215	3
1456691025	457	215	3
1456691028	457	212	3
1456691031	457	210	3
1456691034	457	209	3
1456691037	458	206	3
1456691040	463	180	5
1456691043	487	68	5
1456691046	509	171	5
1456691049	529	291	5
1456691052	526	300	5
1456691055	520	326	5
1456691058	514	312	5
1456691061	514	309	5
1456691064	514	307	5
1456691067	515	312	5
1456691070	515	308	5
1456691073	509	174	5
1456691076	491	177	3
1456691079	475	179	5
1456691082	470	62	5
1456691085	494	158	7
1456691088	534	281	7
1456691091	570	525	9
1456691094	596	587	9
1456691097	612	620	9
1456691100	623	629	9
1456691103	631	634	9
1456691106	631	639	9
1456691109	632	636	9
1456691112	632	637	9
1456691115	632	638	9
1456691118	633	638	9
1456691121	629	535	9
1456691124	612	325	7
1456691127	560	43	3
1456691130	506	39	3
1456691406	394	1	1
1456691409	397	34	1
1456691412	400	40	3
1456691415	408	90	2
1456691418	415	97	2
1456691421	425	145	3
1456691424	439	202	3
1456691427	449	203	3
1456691430	458	206	5
1456691433	459	79	4
1456691436	468	107	4
1456691439	479	256	5
1456691442	496	273	5
1456691445	505	273	5
1456691448	515	276	5
1456691451	516	276	5
1456691454	516	280	7
1456691457	521	319	6
1456691460	527	326	7
1456691463	535	411	7
1456691466	554	432	7
1456691469	565	433	7
1456691472	577	436	7
1456691475	578	436	7
1456691478	578	439	7
1456691481	578	439	7
1456691484	578	440	7
1456691487	578	439	7
1456691490	578	440	7
1456691493	578	441	7
1456691496	578	438	7
1456691499	578	438	7
1456691502	578	438	7
1456691505	578	439	7
1456691508	578	443	7
1456691511	578	439	7
1456691514	578	441	7
1456691517	578	440	7
1456691520	578	437	7
1456691523	578	435	7
1456691526	579	438	7
1456691529	579	436	7
1456691532	579	437	7
1456691535	579	438	7
1456691538	579	441	7
1456691541	578	438	7
1456691544	578	440	7
1456691547	578	437	7
1456691550	579	440	7
1456691553	579	439	7
1456691556	579	440	7
1456691559	579	441	7
1456691562	579	443	7
1456691565	578	446	7
1456691568	579	444	7
1456691571	579	443	7
1456691574	579	445	7
1456691577	579	446	7
1456691580	579	446	7
1456691583	579	446	7
1456691586	579	447	7
1456691589	579	449	7
1456691592	578	448	7
1456691595	578	449	7
1456691598	578	448	7
1456691601	578	449	7
1456691604	578	445	7
1456691607	578	446	7
1456691610	578	447	7
1456691613	578	449	7
1456691616	578	451	7
1456691619	579	447	7
1456691622	578	449	7
1456691625	578	447	7
1456691628	578	447	7
1456691631	578	446	7
1456691634	578	451	7
1456691637	578	447	7
1456691640	578	444	7
1456691643	578	446	7
1456691646	578	450	7
1456691649	578	443	7
1456691652	578	446	7
1456691655	579	445	7
1456691658	579	449	7
1456691661	579	444	7
1456691664	579	444	7
1456691667	579	446	7
1456691670	580	444	7
1456691673	580	447	7
1456691676	580	443	7
1456691679	580	444	7
1456691682	579	445	7
1456691685	579	448	7
1456691688	579	451	7
1456691691	579	448	7
1456691694	579	450	7
1456691697	578	372	7
1456691700	558	221	5
1456691703	520	19	3
1456691952	393	0	1
1456691955	395	12	1
1456691958	399	22	1
1456691961	402	24	1
1456691964	403	26	1
1456691967	403	27	1
1456691970	402	28	1
1456691973	402	28	1
1456691976	402	29	1
1456691979	402	29	1
1456691982	402	30	1
1456691985	402	30	1
1456691988	401	30	1
1456691991	401	30	1
1456691994	401	30	1
1456691997	401	31	1
1456692000	401	31	1
1456692003	401	34	3
1456692006	409	65	2
1456692009	416	66	2
1456692012	424	68	2
1456692015	426	68	2
1456692018	426	70	2
1456692021	425	81	3
1456692024	438	156	3
1456692027	447	181	3
1456692030	457	188	3
1456692033	458	193	5
1456692036	461	71	5
1456692039	483	139	5
1456692042	504	272	5
1456692045	519	296	5
1456692048	519	305	5
1456692051	516	320	6
1456692054	523	367	6
1456692057	530	393	7
1456692060	547	462	7
1456692063	559	484	8
1456692066	576	512	8
1456692069	585	516	8
1456692072	590	555	9
1456692075	602	629	9
1456692078	614	637	9
1456692081	626	641	9
1456692084	632	671	10
1456692087	638	708	10
1456692090	645	740	11
1456692108	702	915	13
1456692111	709	984	12
1456692114	717	986	12
1456692117	726	993	12
1456692120	731	1073	13
1456692123	739	1126	13
1456692126	752	1134	13
1456692129	766	1159	13
1456692132	778	1152	13
1456692135	778	1157	13
1456692138	780	1153	13
1456692141	780	1159	13
1456692144	780	1162	13
1456692147	780	1163	13
1456692150	781	1165	13
1456692153	781	1167	13
1456692156	781	1164	13
1456692159	782	1160	13
1456692162	782	1162	13
1456692165	781	1163	13
1456692168	780	1167	13
1456692171	780	1162	13
1456692174	781	1165	13
1456692177	781	1158	13
1456692180	781	1158	13
1456692183	781	1161	13
1456692186	781	1155	13
1456692189	781	1161	13
1456692192	781	1156	13
1456692195	781	1158	13
1456692198	781	1160	13
1456692201	781	1155	13
1456692204	781	1159	13
1456692207	780	1157	13
1456692210	780	1156	13
1456692213	780	1154	13
1456692216	781	1152	13
1456692219	781	1153	13
1456692222	781	1154	13
1456692225	781	1152	13
1456692228	781	1151	13
1456692231	781	1157	13
1456692234	780	1153	13
1456692237	780	1179	13
1456692240	779	1176	13
1456692243	779	1166	13
1456692246	780	1164	13
1456692249	781	1160	13
1456692252	781	1158	13
1456692255	781	1166	13
1456692258	780	1157	13
1456692261	780	1157	13
1456692264	780	1159	13
1456692267	781	1160	13
1456692270	781	1159	13
1456692273	781	1153	13
1456692276	782	1156	13
1456692279	781	1163	13
1456692282	782	1161	13
1456692285	781	1160	13
1456692288	781	1159	13
1456692291	781	1161	13
1456692294	780	1156	13
1456692297	781	1154	13
1456692300	781	1156	13
1456692303	781	1154	13
1456692306	781	1158	13
1456692309	781	1155	13
1456692312	781	1157	13
1456692315	781	1157	13
1456692318	781	1157	13
1456692321	781	1158	13
1456692324	782	1154	13
1456692327	782	1154	13
1456692330	781	1156	13
1456692333	781	1160	13
1456692336	781	1156	13
1456692339	782	1149	13
1456692342	781	1156	13
1456692345	780	1155	13
1456692348	780	1163	13
1456692351	780	1157	13
1456692354	781	1154	13
1456692357	781	1151	13
1456692360	781	1153	13
1456692363	781	1150	13
1456692366	781	1156	13
1456692369	781	1153	13
1456692372	780	1155	13
1456692375	780	1159	13
1456692378	780	1156	13
1456692381	781	1161	13
1456692384	780	1154	13
1456692387	781	1162	13
1456692390	780	1167	13
1456692393	781	1164	13
1456692396	781	1161	13
1456692399	780	1200	13
1456692402	779	1197	13
1456692405	779	1174	13
1456692408	779	1181	13
1456692411	782	1174	13
1456692414	781	1182	13
1456692417	781	1178	13
1456692420	781	1179	13
1456692423	781	1180	13
1456692426	780	1182	13
1456692429	781	1174	13
1456692432	781	1173	13
1456692435	782	1178	13
1456692438	782	1183	13
1456692441	782	1181	13
1456692444	782	1179	13
1456692447	782	1175	13
1456692450	781	1165	13
1456692453	782	1180	13
1456692456	781	1176	13
1456692459	781	1171	13
1456692462	781	1172	13
1456692465	780	1171	13
1456692468	781	1171	13
1456692471	781	1164	13
1456692474	781	1172	13
1456692477	781	1174	13
1456692480	781	1172	13
1456692483	781	1166	13
1456692486	781	1163	13
1456692489	781	1165	13
1456692492	781	1165	13
1456692495	781	1160	13
1456692498	781	1163	13
1456692501	781	1157	13
1456692504	781	1169	13
1456692507	781	1156	13
1456692510	781	1168	13
1456692513	781	1163	13
1456692516	781	1164	13
1456692519	781	1161	13
1456692522	781	1160	13
1456692525	780	1162	13
1456692528	781	1160	13
1456692531	781	1155	13
1456692534	781	1160	13
1456692537	781	1155	13
1456692540	781	1160	13
1456692543	780	1160	13
1456692546	780	1170	13
1456692549	781	1167	13
1456692552	781	1164	13
1456692555	781	1161	13
1456692558	781	1176	13
1456692561	782	1165	13
1456692564	782	1163	13
1456692567	782	1162	13
1456692570	782	1159	13
1456692573	782	1167	13
1456692576	781	1163	13
1456692579	781	1160	13
1456692582	781	1163	13
1456692585	781	1157	13
1456692588	781	1160	13
1456692591	781	1164	13
1456692594	781	1162	13
1456692597	781	1157	13
1456692600	781	1153	13
1456692603	782	1161	13
1456692606	781	1158	13
1456692609	781	1166	13
1456692612	781	1164	13
1456692615	781	1160	13
1456692618	782	1165	13
1456692621	782	1166	13
1456692624	782	1062	13
1456692627	762	909	11
1456692630	738	905	11
1456692633	714	896	11
1456692636	699	909	11
1456692639	701	905	11
1456692642	702	905	11
1456692645	702	900	11
1456692648	702	903	11
1456692651	701	902	11
1456692654	701	903	11
1456692657	692	695	9
1456692660	671	667	9
1456692663	650	616	9
1456692666	619	505	7
1456692669	603	357	7
1456692672	568	301	5
1456692675	541	135	5
1456692678	507	140	3
1456692681	482	24	3
1456693074	393	0	1
1456693077	395	24	1
1456693080	398	30	3
1456693083	406	67	2
1456693086	414	72	3
1456693089	429	114	3
1456693092	444	199	3
1456693095	453	207	3
1456693098	459	227	5
1456693101	463	71	4
1456693104	473	187	4
1456693107	478	269	5
1456693110	488	300	5
1456693113	496	305	5
1456693116	507	305	5
1456693119	519	322	7
1456693122	525	361	6
1456693125	532	396	7
1456693128	550	461	7
1456693131	561	467	7
1456693134	573	487	8
1456693137	582	518	8
1456693140	587	520	8
1456693143	592	593	9
1456693146	606	637	9
1456693149	618	645	9
1456693152	630	648	9
1456693155	633	647	9
1456693158	633	648	9
1456693161	633	651	9
1456693164	634	647	9
1456693167	634	655	9
1456693170	634	655	9
1456693173	635	649	9
1456693176	635	651	9
1456693179	635	657	9
1456693182	634	654	9
1456693185	634	655	9
1456693188	634	652	9
1456693191	635	655	9
1456693194	634	649	9
1456693197	634	652	9
1456693200	633	652	9
1456693203	633	647	9
1456693206	633	648	9
1456693209	634	650	9
1456693212	634	653	9
1456693215	634	650	9
1456693218	634	648	9
1456693221	634	650	9
1456693224	635	656	9
1456693227	636	654	9
1456693230	636	649	9
1456693233	635	652	9
1456693236	636	650	9
1456693239	635	651	9
1456693242	635	650	9
1456693245	635	651	9
1456693248	635	646	9
1456693251	636	656	9
1456693254	636	651	9
1456693257	635	652	9
1456693260	635	652	9
1456693263	636	649	9
1456693266	636	651	9
1456693269	636	651	9
1456693272	636	653	9
1456693275	636	652	9
1456693278	636	653	9
1456693281	636	656	9
1456693284	636	653	9
1456693287	629	519	8
1456693290	610	390	7
1456693293	574	293	5
1456693296	528	218	3
1456693299	484	0	3
1456693713	394	0	1
1456693716	396	49	1
1456693719	398	58	1
1456693722	400	60	1
1456693725	402	67	3
1456693728	409	123	2
1456693731	415	127	2
1456693734	420	127	2
1456693737	419	130	2
1456693740	419	130	2
1456693743	419	139	3
1456693746	431	192	3
1456693749	442	188	3
1456693752	454	190	3
1456693755	459	190	3
1456693758	458	202	5
1456693761	466	48	4
1456693764	474	201	4
1456693767	479	219	4
1456693770	479	225	5
1456693773	483	264	5
1456693776	496	263	5
1456693779	509	262	5
1456693782	520	263	5
1456693785	521	275	7
1456693788	527	316	6
1456693791	533	320	6
1456693794	540	353	7
1456693797	551	427	7
1456693800	563	431	7
1456693803	575	433	7
1456693806	580	434	7
1456693809	580	436	7
1456693812	580	441	8
1456693815	585	477	8
1456693818	589	485	8
1456693821	594	519	9
1456693824	606	607	9
1456693827	617	616	10
1456693830	633	670	10
1456693833	646	686	11
1456693845	701	894	13
1456693848	709	966	12
1456693851	719	986	13
1456693854	738	1076	13
1456693857	755	1098	13
1456693860	768	1134	13
1456693863	779	1140	13
1456693866	777	1139	13
1456693869	780	1144	13
1456693872	780	1153	13
1456693875	780	1147	13
1456693878	780	1140	13
1456693881	781	1151	13
1456693884	780	1142	13
1456693887	781	1150	13
1456693890	780	1150	13
1456693893	781	1152	13
1456693896	781	1156	13
1456693899	781	1152	13
1456693902	781	1159	13
1456693905	781	1158	13
1456693908	781	1159	13
1456693911	781	1159	13
1456693914	781	1157	13
1456693917	780	1162	13
1456693920	781	1161	13
1456693923	781	1158	13
1456693926	781	1151	13
1456693929	781	1153	13
1456693932	781	1161	13
1456693935	780	1159	13
1456693938	780	1159	13
1456693941	780	1158	13
1456693944	780	1153	13
1456693947	781	1156	13
1456693950	780	1165	13
1456693953	781	1159	13
1456693956	780	1164	13
1456693959	780	1157	13
1456693962	780	1159	13
1456693965	781	1157	13
1456693968	780	1151	13
1456693971	780	1156	13
1456693974	780	1153	13
1456693977	780	1147	13
1456693980	781	1145	13
1456693983	780	1157	13
1456693986	780	1149	13
1456693989	780	1156	13
1456693992	781	1152	13
1456693995	781	1154	13
1456693998	781	1149	13
1456694001	781	1149	13
1456694004	781	1153	13
1456694007	780	1151	13
1456694010	780	1152	13
1456694013	780	1154	13
1456694016	780	1150	13
1456694019	780	1159	13
1456694022	780	1150	13
1456694025	781	1148	13
1456694028	781	1149	13
1456694031	781	1153	13
1456694034	781	1147	13
1456694037	781	1144	13
1456694040	781	1149	13
1456694043	781	1146	13
1456694046	780	1146	13
1456694049	780	1142	13
1456694052	780	1147	13
1456694055	780	1150	13
1456694058	780	1154	13
1456694061	780	1152	13
1456694064	781	1162	13
1456694067	781	1148	13
1456694070	781	1151	13
1456694073	781	1151	13
1456694076	781	1154	13
1456694079	781	1148	13
1456694082	781	1152	13
1456694085	781	1159	13
1456694088	781	1156	13
1456694091	781	1156	13
1456694094	781	1159	13
1456694097	782	1159	13
1456694100	782	1160	13
1456694103	782	1157	13
1456694106	782	1154	13
1456694109	782	1160	13
1456694112	782	1147	13
1456694115	781	1164	13
1456694118	781	1155	13
1456694121	781	1161	13
1456694124	781	1157	13
1456694127	781	1162	13
1456694130	781	1155	13
1456694133	780	1153	13
1456694136	780	1154	13
1456694139	780	1155	13
1456694142	781	1159	13
1456694145	781	1167	13
1456694148	781	1160	13
1456694151	781	1161	13
1456694154	781	1170	13
1456694157	781	1168	13
1456694160	781	1172	13
1456694163	781	1175	13
1456694166	780	1173	13
1456694169	780	1174	13
1456694172	780	1172	13
1456694175	780	1178	13
1456694178	781	1181	13
1456694181	781	1178	13
1456694184	781	1169	13
1456694187	781	1179	13
1456694190	781	1181	13
1456694193	781	1177	13
1456694196	780	1173	13
1456694199	780	1176	13
1456694202	780	1170	13
1456694205	780	1170	13
1456694208	780	1178	13
1456694211	780	1185	13
1456694214	779	1185	13
1456694217	780	1189	13
1456694220	779	1189	13
1456694223	780	1185	13
1456694226	781	1195	13
1456694229	782	1142	13
1456694232	783	1173	13
1456694235	782	1173	13
1456694238	782	1135	13
1456694241	780	1019	13
1456694244	755	905	11
1456694247	732	912	11
1456694250	705	777	11
1456694253	679	669	9
1456694256	659	659	9
1456694259	638	662	9
1456694262	635	659	9
1456694265	634	657	9
1456694268	634	625	9
1456694271	622	467	7
1456694274	606	446	7
1456694277	591	453	7
1456694280	581	442	7
1456694283	581	467	7
1456694286	580	460	7
1456694289	579	439	7
1456694292	579	449	7
1456694295	579	466	7
1456694298	570	303	5
1456694301	541	194	5
1456694304	496	0	1
1456694325	397	7	1
1456694328	398	52	1
1456694331	400	54	1
1456694334	401	54	3
1456694337	406	87	2
1456694340	413	117	2
1456694343	420	125	3
1456694346	434	180	3
1456694349	445	180	3
1456694352	457	178	5
1456694355	471	72	5
1456694358	489	235	5
1456694361	507	244	5
1456694364	519	244	5
1456694367	522	241	5
1456694370	521	248	5
1456694373	521	245	5
1456694376	521	246	5
1456694379	522	246	5
1456694382	522	246	5
1456694385	521	245	5
1456694388	521	246	5
1456694391	521	247	5
1456694394	521	249	5
1456694397	521	258	7
1456694400	527	298	6
1456694403	533	296	7
1456694406	545	379	7
1456694409	560	410	7
1456694412	570	412	7
1456694415	579	411	7
1456694418	579	442	8
1456694421	584	494	9
1456694424	599	595	9
1456694427	616	599	9
1456694430	628	658	10
1456694433	640	700	11
1456694445	700	906	12
1456694448	704	965	12
1456694451	717	973	12
1456694454	725	1023	13
1456694457	748	1112	13
1456694460	759	1112	13
1456694463	775	1133	13
1456694466	780	1133	13
1456694469	780	1138	13
1456694472	782	1137	13
1456694475	780	1131	13
1456694478	781	1132	13
1456694481	781	1134	13
1456694484	781	1138	13
1456694487	781	1132	13
1456694490	781	1141	13
1456694493	781	1129	13
1456694496	781	1130	13
1456694499	781	1136	13
1456694502	781	1136	13
1456694505	781	1139	13
1456694508	781	1141	13
1456694511	781	1136	13
1456694514	781	1141	13
1456694517	781	1143	13
1456694520	781	1142	13
1456694523	782	1138	13
1456694526	781	1141	13
1456694529	781	1141	13
1456694532	781	1144	13
1456694535	781	1143	13
1456694538	781	1143	13
1456694541	780	1146	13
1456694544	780	1146	13
1456694547	780	1144	13
1456694550	781	1146	13
1456694553	781	1149	13
1456694556	781	1147	13
1456694559	781	1150	13
1456694562	781	1141	13
1456694565	781	1150	13
1456694568	780	1152	13
1456694571	780	1156	13
1456694574	780	1156	13
1456694577	781	1151	13
1456694580	781	1159	13
1456694583	782	1153	13
1456694586	782	1153	13
1456694589	782	1159	13
1456694592	781	1150	13
1456694595	781	1153	13
1456694598	781	1149	13
1456694601	781	1148	13
1456694604	781	1152	13
1456694607	780	1150	13
1456694610	781	1143	13
1456694613	780	1151	13
1456694616	781	1148	13
1456694619	780	1153	13
1456694622	781	1157	13
1456694625	782	1158	13
1456694628	782	1153	13
1456694631	782	1154	13
1456694634	782	1155	13
1456694637	782	1163	13
1456694640	782	1156	13
1456694643	782	1155	13
1456694646	782	1151	13
1456694649	782	1152	13
1456694652	782	1157	13
1456694655	782	1156	13
1456694658	781	1158	13
1456694661	781	1149	13
1456694664	781	1156	13
1456694667	781	1146	13
1456694670	781	1154	13
1456694673	781	1161	13
1456694676	781	1161	13
1456694679	781	1161	13
1456694682	781	1166	13
1456694685	781	1169	13
1456694688	781	1169	13
1456694691	781	1167	13
1456694694	781	1178	13
1456694697	781	1170	13
1456694700	781	1175	13
1456694703	781	1170	13
1456694706	781	1163	13
1456694709	781	1165	13
1456694712	781	1176	13
1456694715	781	1169	13
1456694718	781	1162	13
1456694721	781	1166	13
1456694724	782	1169	13
1456694727	771	942	13
1456694730	746	898	11
1456694733	723	897	11
1456694736	692	684	11
1456694739	673	659	9
1456694742	651	554	9
1456694745	618	490	7
1456694748	602	486	7
1456694751	586	482	7
1456694754	567	319	5
1456694757	549	289	5
1456694760	519	212	5
1456694763	489	212	3
1456694766	473	209	3
1456694769	461	212	3
1456694772	457	31	12
1456695849	388	0	1
1456695852	392	9	1
1456695855	396	24	1
1456695858	400	26	1
1456695861	403	28	1
1456695864	403	29	3
1456695867	408	58	2
1456695870	415	67	2
1456695873	422	74	3
1456695876	436	125	3
1456695879	446	182	3
1456695882	455	189	5
1456695885	464	65	4
1456695888	470	122	4
1456695891	478	246	4
1456695894	482	287	5
1456695897	490	292	5
1456695900	499	309	7
1456695903	517	354	6
1456695906	526	359	6
1456695909	532	366	6
1456695912	536	365	6
1456695915	536	368	6
1456695918	540	403	7
1456695921	553	460	7
1456695924	565	465	7
1456695927	577	464	7
1456695930	576	467	7
1456695933	576	465	7
1456695936	576	467	7
1456695939	577	469	7
1456695942	577	469	7
1456695945	577	472	7
1456695948	577	475	7
1456695951	577	489	8
1456695954	582	514	8
1456695957	588	519	8
1456695960	594	563	9
1456695963	607	634	9
1456695966	618	639	9
1456695969	630	642	9
1456695972	634	643	9
1456695975	634	649	9
1456695978	634	644	9
1456695981	634	647	9
1456695984	635	647	9
1456695987	635	644	9
1456695990	635	647	9
1456695993	635	645	9
1456695996	636	650	9
1456695999	636	644	9
1456696002	636	649	9
1456696005	636	649	9
1456696008	636	649	9
1456696011	636	651	9
1456696014	636	651	9
1456696017	636	649	9
1456696020	636	654	9
1456696023	636	649	9
1456696026	635	649	9
1456696029	635	651	9
1456696032	635	649	9
1456696035	635	652	9
1456696038	636	651	9
1456696041	636	651	9
1456696044	636	651	9
1456696047	636	647	9
1456696050	636	650	9
1456696053	636	651	9
1456696056	636	654	9
1456696059	636	648	9
1456696062	636	653	9
1456696065	636	649	9
1456696068	636	649	9
1456696071	636	647	9
1456696074	636	654	9
1456696077	636	649	9
1456696080	636	651	9
1456696083	636	657	9
1456696086	636	653	9
1456696089	636	653	9
1456696092	636	655	9
1456696095	636	651	9
1456696098	636	651	9
1456696101	635	654	9
1456696104	635	649	9
1456696107	634	651	9
1456696110	634	652	9
1456696113	633	651	9
1456696116	634	653	9
1456696119	634	650	9
1456696122	634	653	9
1456696125	634	656	9
1456696128	635	663	9
1456696131	635	634	9
1456696134	624	516	7
1456696137	607	508	7
1456696140	590	510	7
1456696143	580	506	7
1456696146	579	406	7
1456696149	559	312	5
1456696152	542	300	5
1456696155	524	299	5
1456696158	522	299	5
1456696161	521	298	5
1456696164	521	292	5
1456696167	521	287	5
1456696170	521	291	5
1456696173	521	307	5
1456696176	520	313	5
1456696179	519	317	5
1456696182	517	318	5
1456696185	517	318	5
1456696188	517	316	5
1456696191	517	321	5
1456696194	517	318	5
1456696197	517	318	5
1456696200	517	315	5
1456696203	517	319	5
1456696206	517	317	5
1456696209	517	317	5
1456696212	517	318	5
1456696215	517	303	5
1456696218	518	294	5
1456696221	519	292	5
1456696224	519	292	5
1456696227	520	291	5
1456696230	520	289	5
1456696233	520	289	5
1456696236	520	288	5
1456696239	520	292	5
1456696242	520	292	5
1456696245	519	290	5
1456696248	519	293	5
1456696251	519	291	5
1456696254	519	289	5
1456696257	519	291	5
1456696260	519	290	5
1456696263	519	292	5
1456696266	519	289	5
1456696269	519	291	5
1456696272	519	288	5
1456696275	519	290	5
1456696278	519	288	5
1456696281	519	296	5
1456696284	518	312	5
1456696287	517	310	5
1456696290	516	312	5
1456696293	515	314	5
1456696296	515	313	5
1456696299	515	314	5
1456696302	515	316	5
1456696305	515	308	5
1456696308	515	290	5
1456696311	516	287	5
1456696314	517	304	5
1456696317	517	308	5
1456696320	517	293	5
1456696323	517	287	5
1456696326	518	284	5
1456696329	519	287	5
1456696332	520	285	5
1456696335	520	284	5
1456696338	520	284	5
1456696341	520	285	5
1456696344	520	285	5
1456696347	520	283	5
1456696350	520	284	5
1456696353	520	284	5
1456696356	520	282	5
1456696359	520	283	5
1456696362	520	283	5
1456696365	520	284	5
1456696368	520	283	5
1456696371	520	284	5
1456696374	520	280	5
1456696377	520	283	5
1456696380	520	283	5
1456696383	520	279	5
1456696386	520	284	5
1456696389	520	280	5
1456696392	520	283	5
1456696395	521	281	5
1456696398	520	284	5
1456696401	520	282	5
1456696404	520	281	5
1456696407	520	282	5
1456696410	520	282	5
1456696413	520	281	5
1456696416	520	283	5
1456696419	520	283	5
1456696422	520	283	5
1456696425	520	281	5
1456696428	520	281	5
1456696431	520	280	5
1456696434	520	257	5
1456696437	500	0	3
1456697121	396	0	1
1456697523	396	0	1
1456697526	398	78	1
1456697529	397	53	1
1456697532	399	47	1
1456697535	400	45	1
1456697538	402	32	1
1456697541	403	24	1
1456697544	403	29	1
1456697547	403	35	1
1456697550	403	37	1
1456697553	403	38	3
1456697556	408	93	2
1456697559	413	94	2
1456697562	419	96	2
1456697565	423	96	2
1456697568	423	101	2
1456697571	429	127	3
1456697574	441	158	3
1456697577	454	103	5
1456697580	472	20	4
1456697583	479	8	4
1456697586	487	6	4
1456697589	488	6	5
1456697592	502	7	5
1456697595	516	6	5
1456697598	530	6	5
1456697601	535	5	5
1456697604	535	5	5
1456697607	535	4	5
1456697610	535	4	5
1456697613	535	4	5
1456697616	535	4	5
1456697619	534	4	5
1456697622	535	5	5
1456697625	535	6	5
1456697628	536	4	5
1456697631	535	5	5
1456697634	535	4	5
1456697637	534	6	5
1456697640	534	4	5
1456697643	534	6	5
1456697646	534	5	5
1456697649	535	5	5
1456697652	535	5	5
1456697655	535	5	5
1456697658	534	5	5
1456697661	524	72	3
1456697664	501	173	3
1456697667	477	176	3
1456697670	459	181	3
1456697673	459	182	3
1456697676	460	183	3
1456697679	460	182	3
1456697682	460	184	3
1456697685	460	185	3
1456697688	460	185	3
1456697691	450	0	1
1456698282	396	51	1
1456698285	396	36	1
1456698288	398	47	1
1456698291	401	43	2
1456698705	394	0	1
1456698708	394	0	2
1456698720	394	10	1
1456698723	396	0	2
1456698744	396	0	1
1456698747	398	67	1
1456698750	398	34	1
1456698753	400	33	1
1456698756	403	0	2
1456698921	395	0	1
1456698924	397	31	1
1456698927	399	37	1
1456698930	402	0	1
1456698942	396	14	1
1456698945	397	48	1
1456698948	398	30	1
1456698951	401	30	1
1456698954	403	34	1
1456698957	405	39	3
1456698960	411	95	2
1456698963	417	97	2
1456698966	423	115	3
1456698969	435	163	3
1456698972	447	168	3
1456698975	458	172	3
1456698978	463	176	3
1456698981	462	179	3
1456698984	462	182	3
1456698987	462	184	3
1456698990	461	185	3
1456698993	461	189	3
1456698996	461	187	3
1456698999	461	191	3
1456699002	461	127	3
1456699005	445	0	2
1456699098	391	0	1
1456699101	391	48	1
1456699104	392	46	1
1456699107	396	32	1
1456699110	400	31	1
1456699113	402	34	1
1456699116	404	38	1
1456699119	404	0	13
1456699149	399	0	1
1456699152	400	74	1
1456699155	399	36	1
1456699158	401	34	1
1456699161	402	36	1
1456699164	403	38	1
1456699167	403	41	1
1456699170	403	43	1
1456699173	404	46	1
1456699176	403	46	1
1456699179	403	48	1
1456699182	403	50	1
1456699185	403	49	1
1456699188	403	51	1
1456699191	403	51	1
1456699194	403	51	1
1456699197	403	53	1
1456699200	403	54	1
1456699203	403	55	1
1456699206	403	56	1
1456699209	403	57	1
1456699212	403	45	2
1456699251	398	0	1
1456699254	399	45	1
1456699257	401	42	1
1456699260	403	47	1
1456699263	402	49	1
1456699266	403	49	1
1456699269	403	0	1
1456699374	391	0	1
1456699377	393	71	1
1456699380	394	37	1
1456699383	398	32	1
1456699386	401	32	1
1456699389	404	37	1
1456699392	404	40	1
1456699395	403	43	1
1456699398	403	47	1
1456699401	403	49	2
1456699578	397	0	1
1456699581	399	60	1
1456699593	396	4	2
1456699980	396	0	1
