1456677624	358	7	1
1456679133	358	33	1
1456679136	353	26	1
1456679421	358	0	1
1456679424	359	39	1
1456679427	353	24	1
1456679430	348	26	1
1456679433	343	26	1
1456679436	344	28	1
1456679439	346	33	1
1456679442	349	41	1
1456679445	351	39	1
1456679448	353	41	1
1456679451	354	41	1
1456679454	355	47	1
1456679457	357	49	1
1456679460	357	51	1
1456679463	358	53	1
1456679466	358	55	1
1456679469	357	57	1
1456679472	358	59	1
1456679475	357	61	1
1456679478	357	61	1
1456679481	358	63	1
1456679484	358	63	1
1456679487	360	85	3
1456679490	368	101	2
1456679493	376	107	2
1456679496	386	120	3
1456679499	394	143	3
1456679502	402	149	3
1456679505	408	128	2
1456679508	402	132	2
1456679511	395	135	2
1456679514	388	139	2
1456679517	386	141	2
1456679520	388	145	2
1456679523	389	148	2
1456679526	390	150	2
1456679529	391	154	3
1456679532	397	189	3
1456679535	403	189	3
1456679538	410	194	3
1456679541	414	200	5
1456679544	422	246	4
1456679547	434	260	4
1456679550	444	267	4
1456679553	452	276	4
1456679556	454	293	5
1456679559	461	332	5
1456679562	466	342	5
1456679565	471	353	5
1456679568	470	362	5
1456679571	472	373	5
1456679574	474	381	5
1456679577	476	394	5
1456679580	479	399	5
1456679583	481	407	5
1456679586	483	417	5
1456679589	485	423	5
1456679592	487	429	5
1456679595	489	439	5
1456679598	490	447	5
1456679601	490	456	5
1456679604	491	464	5
1456679607	491	472	5
1456679610	490	480	5
1456679613	490	491	5
1456679616	490	500	5
1456679619	490	509	5
1456679622	490	517	5
1456679625	491	525	5
1456679628	491	531	5
1456679631	490	475	5
1456679634	484	353	3
1456679637	461	351	3
1456679640	434	358	3
1456679643	417	363	3
1456679646	403	205	3
1456679799	358	3	1
1456679802	359	133	1
1456679805	352	170	1
1456679808	346	179	1
1456679811	339	188	3
1456679814	344	274	2
1456679817	356	308	2
1456679820	369	313	3
1456679823	377	405	3
1456679826	387	439	3
1456679829	394	456	5
1456679832	413	567	4
1456679835	430	593	4
1456679838	446	597	4
1456679841	455	604	4
1456679844	456	608	5
1456679847	461	690	5
1456679850	468	721	5
1456679853	473	730	5
1456679856	477	735	5
1456679859	478	766	7
1456679862	489	841	6
1456679865	498	840	6
1456679868	507	847	7
1456679871	511	900	7
1456679874	519	953	7
1456679877	526	961	7
1456679880	532	968	7
1456679883	532	976	7
1456679886	534	981	7
1456679889	536	1016	8
1456679892	549	1088	8
1456679895	567	1106	8
1456679898	583	1111	8
1456679901	594	1150	9
1456679904	601	1208	9
1456679907	607	1210	9
1456679910	614	1224	9
1456679913	615	1233	9
1456679916	617	1266	10
1456679919	627	1232	10
1456679922	637	1232	10
1456679925	647	1240	10
1456679928	653	1269	11
1456679943	681	1358	13
1456679946	688	1418	12
1456679949	700	1458	12
1456679952	712	1471	13
1456679955	725	1521	13
1456679958	734	1557	13
1456679961	742	1573	13
1456679964	750	1582	13
1456679967	753	1600	13
1456679970	755	1617	13
1456679973	756	1626	13
1456679976	757	1640	13
1456679979	759	1648	13
1456679982	760	1661	13
1456679985	762	1674	13
1456679988	763	1681	13
1456679991	765	1693	13
1456679994	767	1706	13
1456679997	767	1718	13
1456680000	768	1723	13
1456680003	768	1725	13
1456680006	769	1733	13
1456680009	770	1741	13
1456680012	770	1744	13
1456680015	769	1751	13
1456680018	769	1754	13
1456680021	769	1757	13
1456680024	769	1528	13
1456680027	764	1500	13
1456680030	761	1496	13
1456680033	758	1493	13
1456680036	759	1489	13
1456680039	761	1484	13
1456680042	762	1477	13
1456680045	763	1469	13
1456680048	764	1469	13
1456680051	764	1466	13
1456680054	765	1461	13
1456680057	766	1454	13
1456680060	767	1442	13
1456680063	767	1432	13
1456680066	767	1427	13
1456680069	767	1421	13
1456680072	767	1417	13
1456680075	768	1417	13
1456680078	768	1413	13
1456680081	768	1410	13
1456680084	768	1406	13
1456680087	769	1406	13
1456680090	769	1406	13
1456680093	769	1409	13
1456680096	770	1409	13
1456680099	770	1415	13
1456680102	770	1422	13
1456680105	769	1427	13
1456680108	769	1431	13
1456680111	770	1442	13
1456680114	770	1453	13
1456680117	770	1463	13
1456680120	770	1475	13
1456680123	770	1487	13
1456680126	769	1495	13
1456680129	770	1507	13
1456680132	770	1519	13
1456680135	770	1397	13
1456680138	754	1205	11
1456680141	721	1150	9
1456680144	679	738	7
1456680147	629	340	3
1456680216	358	0	1
1456680219	361	84	1
1456680222	355	170	1
1456680225	351	212	3
1456680228	357	303	2
1456680231	369	312	2
1456680234	387	382	3
1456680237	397	463	5
1456680240	408	529	4
1456680243	428	621	4
1456680246	441	633	5
1456680249	458	728	5
1456680252	465	751	5
1456680255	471	762	7
1456680258	480	846	6
1456680261	492	890	6
1456680264	507	933	7
1456680267	525	998	7
1456680270	530	937	8
1456680273	541	1001	8
1456680276	558	1055	8
1456680279	576	1065	8
1456680282	593	1070	8
1456680285	597	1080	9
1456680288	601	1142	9
1456680291	608	1167	9
1456680294	614	1207	10
1456680297	629	1266	10
1456680300	639	1279	10
1456680303	647	1291	10
1456680306	656	1327	11
1456680309	663	1385	11
1456680312	671	1403	11
1456680315	679	1419	11
1456680324	686	1474	13
1456680327	692	1543	12
1456680330	704	1592	12
1456680333	714	1602	12
1456680336	724	1625	12
1456680339	726	1642	12
1456680342	728	1676	13
1456680345	736	1739	13
1456680348	744	1756	13
1456680351	753	1720	13
1456680354	756	1541	13
1456680357	753	1543	13
1456680360	752	1555	13
1456680363	752	1568	13
1456680366	754	1584	13
1456680369	756	1593	13
1456680372	758	1611	13
1456680375	759	1623	13
1456680378	761	1640	13
1456680381	762	1655	13
1456680384	764	1667	13
1456680387	765	1676	13
1456680390	766	1699	13
1456680393	767	1712	13
1456680396	768	1722	13
1456680399	769	1735	13
1456680402	769	1745	13
1456680405	769	1750	13
1456680408	769	1760	13
1456680411	770	1769	13
1456680414	770	1778	13
1456680417	769	1783	13
1456680420	769	1788	13
1456680423	769	1793	13
1456680426	769	1799	13
1456680429	769	1803	13
1456680432	769	1812	13
1456680435	769	1817	13
1456680438	770	1822	13
1456680441	770	1827	13
1456680444	770	1826	13
1456680447	770	1830	13
1456680450	770	1830	13
1456680453	770	1835	13
1456680456	769	1836	13
1456680459	770	1835	13
1456680462	770	1835	13
1456680465	770	1843	13
1456680468	769	1848	13
1456680471	769	1852	13
1456680474	769	1852	13
1456680477	769	1854	13
1456680480	770	1862	13
1456680483	770	1866	13
1456680486	770	1867	13
1456680489	770	1872	13
1456680492	770	1875	13
1456680495	770	1876	13
1456680498	770	1878	13
1456680501	770	1882	13
1456680504	770	1882	13
1456680507	770	1886	13
1456680510	770	1892	13
1456680513	770	1892	13
1456680516	770	1901	13
1456680519	770	1902	13
1456680522	770	1910	13
1456680525	770	1738	13
1456680528	755	1642	11
1456680531	723	1605	11
1456680534	693	1521	11
1456680537	667	1430	9
1456680540	649	1406	9
1456680543	637	1406	9
1456680546	619	1416	9
1456680549	610	1422	9
1456680552	611	1426	9
1456680555	613	1429	9
1456680558	614	1431	9
1456680561	612	1173	7
1456680564	587	1147	7
1456680567	562	1139	7
1456680570	537	1014	7
1456680573	527	609	5
1456680576	512	277	3
1456683168	360	45	1
1456683171	354	31	1
1456683174	349	31	1
1456683177	344	31	1
1456683180	341	36	1
1456683183	343	45	1
1456683186	346	52	1
1456683189	348	56	1
1456683192	350	56	1
1456683195	352	56	1
1456683198	353	54	1
1456683201	355	59	1
1456683204	356	61	1
1456683207	357	64	3
1456683210	364	104	2
1456683213	371	106	2
1456683216	378	113	2
1456683219	383	123	3
1456683222	392	155	3
1456683225	400	165	3
1456683228	407	175	3
1456683231	411	182	3
1456683234	416	210	4
1456683237	429	244	4
1456683240	440	252	4
1456683243	448	262	4
1456683246	452	267	4
1456683249	454	278	4
1456683252	456	291	5
1456683255	463	331	5
1456683258	468	342	5
1456683261	473	353	5
1456683264	475	364	5
1456683267	476	373	5
1456683270	478	384	5
1456683273	480	392	5
1456683276	482	401	5
1456683279	484	409	5
1456683282	485	415	6
1456683285	490	452	6
1456683288	498	470	6
1456683291	505	481	6
1456683294	511	493	6
1456683297	511	504	6
1456683300	514	525	7
1456683303	518	567	7
1456683306	523	576	7
1456683309	529	592	7
1456683312	533	606	7
1456683315	536	622	7
1456683318	538	638	7
1456683321	540	650	8
1456683324	545	691	8
1456683327	559	720	8
1456683330	572	736	9
1456683333	588	778	9
1456683336	596	801	9
1456683339	603	824	9
1456683342	609	841	10
1456683345	614	891	10
1456683348	628	918	11
1456683369	682	1105	13
1456683372	687	1160	12
1456683375	699	1193	12
1456683378	710	1215	12
1456683381	720	1257	13
1456683384	728	1302	13
1456683387	737	1324	13
1456683390	746	1347	13
1456683393	752	1370	13
1456683396	753	1394	13
1456683399	754	1414	13
1456683402	755	1434	13
1456683405	756	1456	13
1456683408	757	1472	13
1456683411	759	1499	13
1456683414	760	1515	13
1456683417	761	1532	13
1456683420	762	1552	13
1456683423	763	1575	13
1456683426	764	1587	13
1456683429	765	1596	13
1456683432	766	1616	13
1456683435	767	1623	13
1456683438	767	1635	13
1456683441	767	1647	13
1456683444	768	1663	13
1456683447	769	1676	13
1456683450	769	1683	13
1456683453	770	1692	13
1456683456	770	1704	13
1456683459	770	1702	13
1456683462	770	1712	13
1456683465	770	1715	13
1456683468	771	1718	13
1456683471	771	1718	13
1456683474	770	1718	13
1456683477	769	1711	13
1456683480	769	1710	13
1456683483	769	1706	13
1456683486	769	1696	13
1456683489	768	1689	13
1456683492	769	1683	13
1456683495	768	1676	13
1456683498	769	1667	13
1456683501	768	1651	13
1456683504	768	1638	13
1456683507	768	1629	13
1456683510	768	1613	13
1456683513	768	1597	13
1456683516	768	1581	13
1456683519	767	1564	13
1456683522	767	1543	13
1456683525	767	1519	13
1456683528	767	1499	13
1456683531	767	1476	13
1456683534	767	1456	13
1456683537	767	1431	13
1456683540	767	1416	13
1456683543	767	1397	13
1456683546	767	1381	13
1456683549	768	1366	13
1456683552	768	1354	13
1456683555	768	1342	13
1456683558	768	1335	13
1456683561	768	1323	13
1456683564	768	1308	13
1456683567	769	1300	13
1456683570	770	1295	13
1456683573	770	1285	13
1456683576	770	1285	13
1456683579	769	1281	13
1456683582	769	1281	13
1456683585	769	1281	13
1456683588	770	1281	13
1456683591	770	1281	13
1456683594	770	1288	13
1456683597	770	1292	13
1456683600	770	1303	13
1456683603	770	1306	13
1456683606	770	1318	13
1456683609	771	1330	13
1456683612	771	1342	13
1456683615	771	1360	13
1456683618	771	1379	13
1456683621	770	1395	13
1456683624	770	1410	13
1456683627	770	1433	13
1456683630	770	1458	13
1456683633	770	1480	13
1456683636	770	1504	13
1456683639	770	1529	13
1456683642	770	1553	13
1456683645	770	1574	13
1456683648	770	1602	13
1456683651	770	1626	13
1456683654	771	1651	13
1456683657	770	1676	13
1456683660	770	1698	13
1456683663	770	1728	13
1456683666	770	1752	13
1456683669	770	1782	13
1456683672	770	1799	13
1456683675	768	1816	13
1456683678	766	1721	13
1456683681	763	1737	13
1456683684	763	1763	13
1456683687	763	1784	13
1456683690	766	1814	13
1456683693	767	1828	13
1456683696	768	1621	13
1456683699	751	1625	11
1456683702	721	1600	11
1456683705	691	1616	11
1456683708	672	1632	11
1456683711	672	1648	11
1456683714	673	1444	11
1456683717	673	1299	11
1456683720	663	1268	9
1456683723	641	1242	9
1456683726	623	1247	9
1456683729	607	1253	9
1456683732	606	1265	9
1456683735	607	1271	9
1456683738	609	1276	9
1456683741	611	1285	9
1456683744	612	1290	9
1456683747	613	1297	9
1456683750	615	1294	9
1456683753	617	1306	9
1456683756	619	1321	9
1456683759	622	1328	9
1456683762	625	1332	9
1456683765	627	1332	9
1456683768	628	1332	9
1456683771	628	1336	9
1456683774	628	1340	9
1456683777	627	1344	9
1456683780	627	1348	9
1456683783	627	1349	9
1456683786	627	1353	9
1456683789	627	1353	9
1456683792	628	1353	9
1456683795	628	1353	9
1456683798	628	1355	9
1456683801	628	1355	9
1456683804	628	1355	9
1456683807	628	1358	9
1456683810	627	1358	9
1456683813	627	1358	9
1456683816	627	1360	9
1456683819	627	1359	11
1456683840	686	1572	11
1456683843	687	1578	11
1456683846	688	1581	11
1456683849	690	1557	11
1456683852	682	1101	9
1456683855	660	411	5
1456683930	360	33	1
1456683933	357	184	1
1456683936	350	202	1
1456683939	344	230	3
1456683942	350	345	2
1456683945	364	356	2
1456683948	378	362	2
1456683951	386	370	3
1456683954	391	520	3
1456683957	398	542	5
1456683960	412	644	4
1456683963	425	713	5
1456683966	442	823	5
1456683969	461	847	5
1456683972	468	858	5
1456683975	471	865	5
1456683978	472	907	7
1456683981	484	992	6
1456683984	496	994	6
1456683987	508	1001	6
1456683990	513	1034	7
1456683993	519	1116	7
1456683996	526	1046	7
1456683999	531	1043	7
1456684002	534	1068	8
1456684005	545	1148	8
1456684008	564	1182	8
1456684011	582	1202	9
1456684014	601	1273	9
1456684017	607	1285	9
1456684020	614	1290	9
1456684023	618	1302	9
1456684026	619	1305	9
1456684029	621	1317	9
1456684032	623	1323	9
1456684035	624	1331	9
1456684038	625	1331	9
1456684041	626	1336	9
1456684044	627	1337	9
1456684047	628	1344	9
1456684050	628	1345	9
1456684053	628	1354	9
1456684056	627	1354	11
1456684059	630	1401	10
1456684062	639	1433	10
1456684065	648	1441	10
1456684068	658	1454	10
1456684071	661	1494	11
1456684284	696	1565	11
1456684287	691	1330	9
1456684290	664	1298	9
1456684293	635	1286	9
1456684296	607	1294	9
1456684299	599	1298	9
1456684302	601	1301	9
1456684305	603	1305	9
1456684308	606	1312	9
1456684311	608	1324	9
1456684314	611	1330	9
1456684317	613	1331	9
1456684320	615	1339	9
1456684323	616	1343	9
1456684326	618	1347	9
1456684329	620	1354	9
1456684332	621	1355	9
1456684335	622	1360	9
1456684338	623	1363	9
1456684341	625	1367	9
1456684344	626	1368	9
1456684347	627	1368	9
1456684350	627	1372	9
1456684353	627	1372	9
1456684356	626	1372	9
1456684359	626	1375	9
1456684362	627	1375	9
1456684365	627	1377	9
1456684368	628	1377	9
1456684371	628	1378	9
1456684374	628	1378	9
1456684377	628	1378	9
1456684380	628	1378	9
1456684383	628	1381	9
1456684386	627	1381	9
1456684389	628	1382	9
1456684392	628	1387	9
1456684395	627	1387	9
1456684398	627	1387	9
1456684401	627	1387	9
1456684404	627	1387	9
1456684407	627	1391	9
1456684410	627	1389	9
1456684413	626	1388	9
1456684416	625	1384	9
1456684419	624	1384	9
1456684422	623	1392	9
1456684425	624	1392	9
1456684428	625	1401	9
1456684431	626	1401	9
1456684434	627	1401	9
1456684437	628	1398	9
1456684440	628	1401	9
1456684443	628	1401	9
1456684446	628	1398	9
1456684449	627	1398	9
1456684452	628	1398	9
1456684455	628	1399	9
1456684458	628	1391	9
1456684461	628	1387	9
1456684464	629	1383	9
1456684467	629	1383	9
1456684470	628	1384	9
1456684473	628	1389	9
1456684476	627	1389	9
1456684479	627	1386	9
1456684482	628	1386	9
1456684485	628	1386	9
1456684488	628	1386	9
1456684491	628	1386	9
1456684494	629	1391	9
1456684497	629	1391	9
1456684500	629	1395	9
1456684503	629	1398	9
1456684506	628	1400	9
1456684509	628	1404	9
1456684512	627	1407	9
1456684515	627	1409	9
1456684518	627	1412	9
1456684521	628	1409	9
1456684524	628	1413	9
1456684527	628	1413	9
1456684530	628	1414	9
1456684533	627	1162	9
1456684536	607	1136	7
1456684539	577	1107	7
1456684542	547	1110	7
1456684545	529	1116	7
1456684548	530	1120	7
1456684551	532	1121	7
1456684554	533	1127	7
1456684557	535	1131	7
1456684560	537	1135	7
1456684563	538	1135	7
1456684566	540	1136	7
1456684569	541	1139	7
1456684572	542	1143	7
1456684575	543	1142	7
1456684578	544	1147	7
1456684581	546	1150	7
1456684584	548	1152	7
1456684587	549	1150	7
1456684590	551	1150	7
1456684593	552	1152	7
1456684596	553	1152	8
1456684599	560	1222	8
1456684602	571	1238	9
1456684605	585	1295	9
1456684608	600	1350	9
1456684611	607	1358	9
1456684614	614	1363	9
1456684617	615	1374	9
1456684620	617	1375	9
1456684623	618	1383	9
1456684626	620	1391	11
1456684629	626	1458	10
1456684632	637	1488	10
1456684635	648	1497	10
1456684638	657	1501	11
1456684641	661	1566	11
1456684659	688	1653	13
1456684662	697	1728	12
1456684665	709	1754	12
1456684668	721	1802	13
1456684671	736	1847	13
1456684674	744	1860	13
1456684677	754	1869	13
1456684680	757	1879	13
1456684683	757	1881	13
1456684686	759	1884	13
1456684689	760	1891	13
1456684692	761	1903	13
1456684695	762	1909	13
1456684698	762	1910	13
1456684701	763	1914	13
1456684704	765	1919	13
1456684707	766	1924	13
1456684710	766	1928	13
1456684713	767	1931	13
1456684716	768	1931	13
1456684719	769	1935	13
1456684722	769	1939	13
1456684725	770	1940	13
1456684728	769	1940	13
1456684731	769	1941	13
1456684734	768	1945	13
1456684737	768	1948	13
1456684740	768	1949	13
1456684743	768	1950	13
1456684746	769	1951	13
1456684749	769	1950	13
1456684752	769	1945	13
1456684755	769	1947	13
1456684758	770	1947	13
1456684761	770	1948	13
1456684764	770	1947	13
1456684767	770	1947	13
1456684770	770	1943	13
1456684773	769	1935	13
1456684776	769	1935	13
1456684779	769	1928	13
1456684782	769	1925	13
1456684785	769	1921	13
1456684788	769	1915	13
1456684791	769	1908	13
1456684794	769	1906	13
1456684797	769	1893	13
1456684800	769	1888	13
1456684803	768	1880	13
1456684806	768	1874	13
1456684809	769	1867	13
1456684812	769	1861	13
1456684815	769	1858	13
1456684818	769	1856	13
1456684821	769	1856	13
1456684824	769	1853	13
1456684827	769	1851	13
1456684830	769	1851	13
1456684833	769	1851	13
1456684836	770	1851	13
1456684839	769	1851	13
1456684842	769	1851	13
1456684845	769	1854	13
1456684848	770	1854	13
1456684851	770	1854	13
1456684854	770	1854	13
1456684857	770	1854	13
1456684860	770	1854	13
1456684863	770	1854	13
1456684866	770	1854	13
1456684869	769	1854	13
1456684872	769	1854	13
1456684875	769	1854	13
1456684878	769	1854	13
1456684881	768	1854	13
1456684884	769	1846	13
1456684887	769	1844	13
1456684890	769	1836	13
1456684893	769	1831	13
1456684896	769	1827	13
1456684899	769	1823	13
1456684902	769	1815	13
1456684905	769	1810	13
1456684908	769	1802	13
1456684911	768	1797	13
1456684914	768	1787	13
1456684917	767	1780	13
1456684920	767	1776	13
1456684923	767	1767	13
1456684926	768	1758	13
1456684929	768	1750	13
1456684932	768	1741	13
1456684935	769	1736	13
1456684938	769	1727	13
1456684941	769	1719	13
1456684944	768	1711	13
1456684947	769	1698	13
1456684950	770	1689	13
1456684953	770	1682	13
1456684956	770	1672	13
1456684959	769	1664	13
1456684962	768	1650	13
1456684965	768	1642	13
1456684968	768	1631	13
1456684971	769	1625	13
1456684974	768	1612	13
1456684977	768	1604	13
1456684980	768	1600	13
1456684983	768	1595	13
1456684986	768	1591	13
1456684989	769	1586	13
1456684992	768	1586	13
1456684995	768	1583	13
1456684998	768	1583	13
1456685001	769	1586	13
1456685004	769	1586	13
1456685007	769	1586	13
1456685010	770	1591	13
1456685013	770	1598	13
1456685016	770	1607	13
1456685019	770	1620	13
1456685022	770	1627	13
1456685025	770	1640	13
1456685028	770	1653	13
1456685031	770	1666	13
1456685034	770	1679	13
1456685037	771	1688	13
1456685040	770	1700	13
1456685043	771	1717	13
1456685046	771	1731	13
1456685049	771	1747	13
1456685052	770	1768	13
1456685055	770	1777	13
1456685058	770	1799	13
1456685061	770	1817	13
1456685064	770	1838	13
1456685067	770	1856	13
1456685070	770	1869	13
1456685073	770	1887	13
1456685076	770	1901	13
1456685079	770	1910	13
1456685082	770	1920	13
1456685085	770	1915	13
1456685088	771	1920	13
1456685091	770	1924	13
1456685094	770	1930	13
1456685097	769	1941	13
1456685100	769	1952	13
1456685103	769	1948	13
1456685106	768	1948	13
1456685109	767	1939	13
1456685112	767	1925	13
1456685115	767	1918	13
1456685118	768	1903	13
1456685121	768	1895	13
1456685124	767	1881	13
1456685127	768	1872	13
1456685130	768	1860	13
1456685133	768	1851	13
1456685136	768	1833	13
1456685139	768	1824	13
1456685142	769	1811	13
1456685145	769	1797	13
1456685148	769	1788	13
1456685151	769	1781	13
1456685154	769	1776	13
1456685157	769	1774	13
1456685160	769	1771	13
1456685163	769	1771	13
1456685166	769	1771	13
1456685169	769	1771	13
1456685172	769	1774	13
1456685175	770	1775	13
1456685178	770	1775	13
1456685181	770	1783	13
1456685184	769	1792	13
1456685187	769	1797	13
1456685190	769	1800	13
1456685193	768	1585	13
1456685196	748	1329	9
1456685199	716	893	7
1456685202	670	414	3
1456685973	361	63	1
1456685976	358	194	1
1456685979	352	223	3
1456685982	356	349	2
1456685985	364	400	3
1456685988	385	614	3
1456685991	399	706	5
1456685994	421	817	5
1456685997	441	891	5
1456686000	465	975	5
1456686003	476	1050	6
1456686006	490	1125	6
1456686009	500	1026	7
1456686012	516	1059	7
1456686015	525	1059	7
1456686018	532	1064	7
1456686021	536	1063	7
1456686024	538	1064	7
1456686027	540	1061	7
1456686030	541	1064	7
1456686033	542	1065	7
1456686036	543	1059	7
1456686039	544	1059	7
1456686042	546	1053	7
1456686045	547	1045	7
1456686048	548	1039	7
1456686051	549	1035	7
1456686054	550	1028	7
1456686057	551	1022	7
1456686060	553	1014	7
1456686063	553	1000	7
1456686066	555	994	7
1456686069	556	984	7
1456686072	556	973	7
1456686075	556	962	7
1456686078	556	959	7
1456686081	556	956	7
1456686084	556	948	7
1456686087	555	945	7
1456686090	555	937	7
1456686093	556	932	7
1456686096	556	928	7
1456686099	556	928	7
1456686102	556	924	7
1456686105	556	917	7
1456686108	556	918	7
1456686111	556	918	7
1456686114	555	918	7
1456686117	555	918	7
1456686120	555	921	7
1456686123	556	918	7
1456686126	556	918	7
1456686129	556	925	7
1456686132	555	926	7
1456686135	555	931	7
1456686138	555	936	7
1456686141	556	942	7
1456686144	556	942	7
1456686147	556	950	7
1456686150	556	953	7
1456686153	556	960	7
1456686156	556	964	7
1456686159	556	974	7
1456686162	556	977	7
1456686165	556	982	7
1456686168	556	988	7
1456686171	557	999	7
1456686174	556	1007	7
1456686177	556	1007	7
1456686180	554	767	5
1456686183	535	324	3
1456686735	361	42	1
1456686738	357	146	1
1456686741	350	148	1
1456686744	344	148	1
1456686747	338	148	1
1456686750	340	148	1
1456686753	342	148	1
1456686756	344	148	1
1456686759	346	148	1
1456686762	349	148	1
1456686765	351	148	1
1456686768	353	146	1
1456686771	355	146	1
1456686774	357	146	1
1456686777	358	146	1
1456686780	359	143	1
1456686783	359	143	1
1456686786	359	141	1
1456686789	359	141	1
1456686792	359	141	1
1456686795	359	141	1
1456686798	359	141	1
1456686801	359	138	1
1456686804	359	138	1
1456686807	359	138	1
1456686810	359	138	1
1456686813	359	136	1
1456686816	359	136	1
1456686819	359	136	1
1456686822	359	136	1
1456686825	359	136	1
1456686828	359	133	1
1456686831	359	133	1
1456686834	359	133	1
1456686837	359	133	1
1456686840	359	131	1
1456686843	359	131	1
1456686846	359	131	1
1456686849	359	131	1
1456686852	359	128	1
1456686855	359	128	1
1456686858	359	128	1
1456686861	359	128	1
1456686864	359	128	1
1456686867	359	126	1
1456686870	359	123	1
1456686873	359	126	1
1456686876	359	123	1
1456686879	359	9	1
1456689420	360	2	1
1456689423	360	46	1
1456689426	353	31	1
1456689429	347	31	1
1456689432	342	31	1
1456689435	342	35	1
1456689438	344	44	1
1456689441	347	49	1
1456689444	349	44	1
1456689447	351	49	1
1456689450	353	51	1
1456689453	355	56	1
1456689456	357	58	1
1456689459	358	58	1
1456689462	359	62	1
1456689465	359	62	1
1456689468	358	65	1
1456689471	358	67	1
1456689474	359	69	1
1456689477	359	72	1
1456689480	359	72	3
1456689483	361	109	2
1456689486	368	114	2
1456689489	376	121	2
1456689492	384	126	2
1456689495	386	130	2
1456689498	388	135	2
1456689501	390	140	2
1456689504	392	145	3
1456689507	397	181	3
1456689510	404	187	3
1456689513	411	192	3
1456689516	417	197	3
1456689519	419	204	3
1456689522	420	212	3
1456689525	421	214	3
1456689528	421	222	3
1456689531	421	232	5
1456689534	431	287	4
1456689537	441	294	4
1456689540	451	303	4
1456689543	456	313	4
1456689546	457	321	4
1456689549	459	329	4
1456689552	461	337	5
1456689555	467	383	5
1456689558	472	400	5
1456689561	476	412	5
1456689564	479	420	5
1456689567	479	431	5
1456689570	481	440	5
1456689573	484	448	5
1456689576	486	460	5
1456689579	488	468	5
1456689582	490	477	5
1456689585	492	483	5
1456689588	493	489	5
1456689591	494	510	7
1456689594	501	560	6
1456689597	507	572	7
1456689600	517	618	7
1456689603	522	635	7
1456689606	527	651	7
1456689609	533	667	7
1456689612	535	680	7
1456689615	537	692	7
1456689618	539	705	7
1456689621	541	718	7
1456689624	543	731	7
1456689627	544	743	8
1456689630	549	782	8
1456689633	560	808	8
1456689636	572	822	8
1456689639	583	839	8
1456689642	586	864	9
1456689645	594	909	9
1456689648	600	923	9
1456689651	607	943	9
1456689654	609	961	9
1456689657	611	977	9
1456689660	613	991	9
1456689663	614	1003	9
1456689666	615	1017	9
1456689669	617	1044	10
1456689672	624	1091	10
1456689675	635	1113	10
1456689678	646	1127	10
1456689681	654	1142	10
1456689684	655	1160	11
1456689747	694	1510	13
1456689750	698	1575	12
1456689753	709	1603	12
1456689756	718	1612	13
1456689759	731	1682	13
1456689762	739	1701	13
1456689765	747	1723	13
1456689768	755	1739	13
1456689771	757	1756	13
1456689774	758	1773	13
1456689777	760	1790	13
1456689780	761	1802	13
1456689783	763	1815	13
1456689786	765	1820	13
1456689789	766	1721	13
1456689792	765	1724	13
1456689795	764	1737	13
1456689798	763	1750	13
1456689801	764	1759	13
1456689804	766	1772	13
1456689807	767	1783	13
1456689810	768	1792	13
1456689813	768	1805	13
1456689816	769	1808	13
1456689819	769	1818	13
1456689822	769	1826	13
1456689825	769	1826	13
1456689828	769	1831	13
1456689831	769	1831	13
1456689834	769	1835	13
1456689837	768	1839	13
1456689840	767	1584	13
1456689843	764	1552	13
1456689846	760	1551	13
1456689849	758	1548	13
1456689852	757	1547	13
1456689855	759	1542	13
1456689858	760	1541	13
1456689861	761	1542	13
1456689864	762	1534	13
1456689867	763	1526	13
1456689870	764	1510	13
1456689873	764	1502	13
1456689876	765	1497	13
1456689879	765	1489	13
1456689882	765	1477	13
1456689885	766	1473	13
1456689888	766	1465	13
1456689891	767	1458	13
1456689894	767	1454	13
1456689897	767	1450	13
1456689900	767	1445	13
1456689903	767	1441	13
1456689906	768	1434	13
1456689909	769	1430	13
1456689912	769	1425	13
1456689915	769	1425	13
1456689918	768	1425	13
1456689921	768	1422	13
1456689924	767	1422	13
1456689927	767	1422	13
1456689930	767	1422	13
1456689933	768	1422	13
1456689936	768	1422	13
1456689939	769	1422	13
1456689942	769	1423	13
1456689945	769	1426	13
1456689948	768	1431	13
1456689951	768	1437	13
1456689954	767	1442	13
1456689957	768	1446	13
1456689960	768	1451	13
1456689963	768	1454	13
1456689966	769	1458	13
1456689969	769	1467	13
1456689972	769	1474	13
1456689975	769	1482	13
1456689978	769	1486	13
1456689981	770	1495	13
1456689984	770	1507	13
1456689987	769	1510	13
1456689990	769	1522	13
1456689993	769	1535	13
1456689996	769	1547	13
1456689999	769	1560	13
1456690002	769	1575	13
1456690005	769	1585	13
1456690008	769	1597	13
1456690011	769	1613	13
1456690014	769	1625	13
1456690017	769	1635	13
1456690020	769	1647	13
1456690023	770	1652	13
1456690026	770	1660	13
1456690029	770	1676	13
1456690032	770	1690	13
1456690035	769	1702	13
1456690038	769	1712	13
1456690041	770	1724	13
1456690044	769	1740	13
1456690047	769	1750	13
1456690050	769	1763	13
1456690053	769	1779	13
1456690056	769	1789	13
1456690059	769	1803	13
1456690062	769	1816	13
1456690065	769	1828	13
1456690068	769	1838	13
1456690071	769	1851	13
1456690074	769	1865	13
1456690077	769	1877	13
1456690080	769	1886	13
1456690083	769	1898	13
1456690086	770	1908	13
1456690089	769	1922	13
1456690092	769	1931	13
1456690095	769	1936	13
1456690098	769	1936	13
1456690101	770	1941	13
1456690104	769	1950	13
1456690107	769	1958	13
1456690110	768	1963	13
1456690113	768	1964	13
1456690116	769	1968	13
1456690119	769	1973	13
1456690122	769	1969	13
1456690125	769	1969	13
1456690128	768	1966	13
1456690131	769	1965	13
1456690134	769	1957	13
1456690137	768	1953	13
1456690140	768	1949	13
1456690143	767	1949	13
1456690146	767	1945	13
1456690149	767	1932	13
1456690152	767	1919	13
1456690155	767	1910	13
1456690158	767	1910	13
1456690161	767	1905	13
1456690164	767	1892	13
1456690167	767	1884	13
1456690170	768	1875	13
1456690173	769	1866	13
1456690176	769	1854	13
1456690179	768	1849	13
1456690182	768	1845	13
1456690185	768	1840	13
1456690188	768	1836	13
1456690191	768	1832	13
1456690194	768	1831	13
1456690197	768	1830	13
1456690200	769	1827	13
1456690203	769	1831	13
1456690206	769	1836	13
1456690209	769	1839	13
1456690212	769	1840	13
1456690215	769	1852	13
1456690218	769	1857	13
1456690221	769	1865	13
1456690224	769	1875	13
1456690227	769	1888	13
1456690230	769	1892	13
1456690233	768	1901	13
1456690236	768	1906	13
1456690239	769	1914	13
1456690242	769	1922	13
1456690245	769	1928	13
1456690248	769	1932	13
1456690251	769	1932	13
1456690254	769	1928	13
1456690257	768	1933	13
1456690260	768	1924	13
1456690263	768	1920	13
1456690266	768	1921	13
1456690269	768	1921	13
1456690272	769	1920	13
1456690275	769	1912	13
1456690278	768	1899	13
1456690281	767	1889	13
1456690284	767	1882	13
1456690287	767	1873	13
1456690290	768	1869	13
1456690293	769	1865	13
1456690296	769	1869	13
1456690299	769	1869	13
1456690302	769	1869	13
1456690305	769	1872	13
1456690308	769	1878	13
1456690311	769	1882	13
1456690314	769	1895	13
1456690317	769	1899	13
1456690320	768	1908	13
1456690323	768	1814	13
1456690326	753	1655	11
1456690329	723	1624	11
1456690332	694	1637	11
1456690335	672	1648	11
1456690338	673	1664	11
1456690341	674	1667	11
1456690344	676	1680	11
1456690347	678	1687	11
1456690350	679	1699	11
1456690353	681	1708	11
1456690356	682	1715	11
1456690359	684	1724	11
1456690362	685	1728	11
1456690365	687	1731	11
1456690368	688	1740	11
1456690371	690	1750	11
1456690374	691	1763	11
1456690377	692	1766	13
1456690380	696	1839	12
1456690383	704	1900	12
1456690386	714	1945	13
1456690389	732	2007	13
1456690392	743	2038	13
1456690395	752	2062	13
1456690398	758	2076	13
1456690401	760	2096	13
1456690404	761	2106	13
1456690407	763	2115	13
1456690410	764	2121	13
1456690413	765	2121	13
1456690416	766	2141	13
1456690419	767	2151	13
1456690422	768	2152	13
1456690425	768	2144	13
1456690428	768	2134	13
1456690431	767	2122	13
1456690434	768	2113	13
1456690437	767	2104	13
1456690440	767	2091	13
1456690443	767	2082	13
1456690446	767	2077	13
1456690449	768	2070	13
1456690452	768	2070	13
1456690455	768	2065	13
1456690458	769	2066	13
1456690461	769	2070	13
1456690464	769	2073	13
1456690467	769	2073	13
1456690470	769	2087	13
1456690473	768	2087	13
1456690476	769	2106	13
1456690479	768	2111	13
1456690482	769	2115	13
1456690485	768	2121	13
1456690488	768	2130	13
1456690491	768	2135	13
1456690494	768	2135	13
1456690497	768	2135	13
1456690500	767	2135	13
1456690503	767	2140	13
1456690506	767	2140	13
1456690509	767	2140	13
1456690512	767	2127	13
1456690515	767	2122	13
1456690518	766	2109	13
1456690521	767	2098	13
1456690524	767	2086	13
1456690527	767	2073	13
1456690530	767	2064	13
1456690533	767	2054	13
1456690536	768	2040	13
1456690539	768	2026	13
1456690542	768	2019	13
1456690545	768	2014	13
1456690548	767	2008	13
1456690551	767	1999	13
1456690554	767	1995	13
1456690557	767	1985	13
1456690560	768	1980	13
1456690563	768	1971	13
1456690566	768	1748	13
1456690569	751	1679	11
1456690572	721	1645	11
1456690575	692	1648	11
1456690578	673	1646	11
1456690581	675	1459	11
1456690584	660	1409	9
1456690587	637	1373	9
1456690590	615	1371	9
1456690593	601	1185	8
1456690596	589	1139	7
1456690599	568	676	7
1456690602	536	544	3
1456690701	360	60	1
1456690704	356	175	1
1456690707	349	194	2
1456690710	353	311	2
1456690713	363	368	3
1456690716	386	437	3
1456690719	407	512	5
1456690722	436	633	6
1456690725	464	750	7
1456690728	507	822	7
1456690731	523	820	7
1456690734	537	813	7
1456690737	532	811	7
1456690740	532	806	7
1456690743	535	798	7
1456690746	536	790	7
1456690749	538	785	7
1456690752	540	782	7
1456690755	542	774	7
1456690758	543	769	7
1456690761	545	763	7
1456690764	546	761	7
1456690767	547	752	7
1456690770	549	750	7
1456690773	550	746	7
1456690776	552	741	7
1456690779	553	738	7
1456690782	553	736	7
1456690785	553	733	7
1456690788	553	730	7
1456690791	553	732	7
1456690794	553	732	7
1456690797	553	732	7
1456690800	553	732	7
1456690803	553	734	7
1456690806	553	736	7
1456690809	553	737	7
1456690812	553	741	7
1456690815	553	741	7
1456690818	553	747	7
1456690821	553	754	7
1456690824	553	757	7
1456690827	553	764	7
1456690830	553	771	7
1456690833	553	777	7
1456690836	553	784	7
1456690839	553	791	7
1456690842	553	798	7
1456690845	551	621	7
1456690848	529	624	5
1456690851	502	627	5
1456690854	477	579	5
1456690857	465	408	3
1456690860	451	217	3
1456690995	358	2	1
1456690998	359	126	1
1456691001	353	184	1
1456691004	352	255	3
1456691007	358	326	2
1456691010	372	360	3
1456691013	393	525	3
1456691016	400	531	3
1456691019	407	546	3
1456691022	409	558	3
1456691025	411	567	3
1456691028	414	571	3
1456691031	416	577	3
1456691034	418	581	3
1456691037	419	591	3
1456691040	422	638	5
1456691043	435	828	5
1456691046	453	872	5
1456691049	469	889	5
1456691052	477	900	5
1456691055	476	912	5
1456691058	478	922	5
1456691061	481	933	5
1456691064	483	938	5
1456691067	485	945	5
1456691070	487	946	5
1456691073	484	632	3
1456691076	460	629	3
1456691079	432	711	5
1456691082	430	693	5
1456691085	444	1009	7
1456691088	490	1105	7
1456691091	516	1299	9
1456691094	561	1357	9
1456691097	578	1298	9
1456691100	603	1316	9
1456691103	613	1324	9
1456691106	615	1319	9
1456691109	625	1316	9
1456691112	627	1317	9
1456691115	627	1322	9
1456691118	626	1323	9
1456691121	621	1091	8
1456691124	598	627	7
1456691127	565	264	3
1456691130	515	76	3
1456691406	359	38	1
1456691409	356	173	1
1456691412	350	194	3
1456691415	353	314	2
1456691418	360	331	2
1456691421	377	398	3
1456691424	394	470	3
1456691427	401	467	3
1456691430	408	465	5
1456691433	415	522	4
1456691436	429	609	4
1456691439	443	631	5
1456691442	460	713	5
1456691445	465	717	5
1456691448	472	717	5
1456691451	472	716	5
1456691454	475	716	7
1456691457	482	782	6
1456691460	492	802	7
1456691463	499	852	7
1456691466	516	891	7
1456691469	524	896	7
1456691472	533	904	7
1456691475	535	908	7
1456691478	537	915	7
1456691481	539	919	7
1456691484	541	924	7
1456691487	543	934	7
1456691490	544	939	7
1456691493	546	943	7
1456691496	547	951	7
1456691499	549	957	7
1456691502	551	961	7
1456691505	553	966	7
1456691508	553	974	7
1456691511	553	977	7
1456691514	553	982	7
1456691517	553	988	7
1456691520	553	989	7
1456691523	553	997	7
1456691526	553	997	7
1456691529	553	1004	7
1456691532	554	1005	7
1456691535	553	1011	7
1456691538	553	1016	7
1456691541	553	1017	7
1456691544	553	1024	7
1456691547	553	1024	7
1456691550	553	1029	7
1456691553	553	1031	7
1456691556	553	1033	7
1456691559	553	1039	7
1456691562	553	1039	7
1456691565	553	1040	7
1456691568	553	1044	7
1456691571	553	1044	7
1456691574	553	1042	7
1456691577	553	1042	7
1456691580	553	1042	7
1456691583	553	1042	7
1456691586	553	1036	7
1456691589	553	1036	7
1456691592	553	1033	7
1456691595	553	1025	7
1456691598	553	1030	7
1456691601	553	1023	7
1456691604	553	1023	7
1456691607	553	1020	7
1456691610	553	1014	7
1456691613	553	1017	7
1456691616	553	1014	7
1456691619	553	1011	7
1456691622	553	1011	7
1456691625	553	1003	7
1456691628	554	1003	7
1456691631	554	997	7
1456691634	554	997	7
1456691637	553	995	7
1456691640	553	997	7
1456691643	553	995	7
1456691646	553	995	7
1456691649	553	997	7
1456691652	553	998	7
1456691655	553	1005	7
1456691658	553	1008	7
1456691661	553	1016	7
1456691664	554	1027	7
1456691667	554	1034	7
1456691670	554	1045	7
1456691673	554	1051	7
1456691676	554	1066	7
1456691679	554	1073	7
1456691682	554	1089	7
1456691685	554	1099	7
1456691688	554	1039	7
1456691691	552	1043	7
1456691694	552	1059	7
1456691697	549	796	5
1456691700	528	521	5
1456691703	511	251	1
1456691952	359	2	1
1456691955	360	129	1
1456691958	354	185	1
1456691961	348	197	1
1456691964	341	207	1
1456691967	342	212	1
1456691970	344	216	1
1456691973	347	221	1
1456691976	349	224	1
1456691979	351	227	1
1456691982	353	227	1
1456691985	355	227	1
1456691988	356	229	1
1456691991	358	229	1
1456691994	358	229	1
1456691997	358	229	1
1456692000	358	229	1
1456692003	358	275	3
1456692006	367	347	2
1456692009	377	352	2
1456692012	387	353	2
1456692015	391	356	2
1456692018	391	358	2
1456692021	393	401	3
1456692024	400	591	3
1456692027	405	600	3
1456692030	411	601	3
1456692033	412	625	5
1456692036	425	782	5
1456692039	446	858	5
1456692042	463	859	5
1456692045	475	863	5
1456692048	474	878	7
1456692051	479	931	6
1456692054	491	1000	6
1456692057	502	997	7
1456692060	516	954	7
1456692063	520	999	8
1456692066	544	1056	8
1456692069	563	1061	8
1456692072	580	1073	9
1456692075	593	1137	9
1456692078	597	1149	9
1456692081	605	1153	9
1456692084	610	1194	11
1456692087	624	1254	10
1456692090	639	1262	10
1456692108	686	1367	13
1456692111	695	1422	12
1456692114	706	1438	12
1456692117	717	1440	12
1456692120	725	1460	13
1456692123	731	1505	13
1456692126	740	1507	13
1456692129	748	1514	13
1456692132	754	1516	13
1456692135	755	1520	13
1456692138	757	1518	13
1456692141	758	1522	13
1456692144	759	1523	13
1456692147	759	1523	13
1456692150	760	1524	13
1456692153	761	1525	13
1456692156	762	1526	13
1456692159	763	1526	13
1456692162	764	1527	13
1456692165	765	1527	13
1456692168	766	1529	13
1456692171	767	1526	13
1456692174	768	1526	13
1456692177	768	1526	13
1456692180	768	1526	13
1456692183	768	1527	13
1456692186	768	1527	13
1456692189	768	1529	13
1456692192	767	1532	13
1456692195	767	1532	13
1456692198	766	1537	13
1456692201	767	1538	13
1456692204	768	1538	13
1456692207	768	1538	13
1456692210	768	1543	13
1456692213	768	1547	13
1456692216	768	1551	13
1456692219	768	1560	13
1456692222	768	1565	13
1456692225	769	1569	13
1456692228	769	1573	13
1456692231	769	1581	13
1456692234	769	1585	13
1456692237	768	1597	13
1456692240	768	1602	13
1456692243	768	1607	13
1456692246	768	1615	13
1456692249	769	1624	13
1456692252	769	1628	13
1456692255	769	1632	13
1456692258	769	1638	13
1456692261	769	1646	13
1456692264	768	1654	13
1456692267	768	1662	13
1456692270	768	1666	13
1456692273	768	1676	13
1456692276	768	1680	13
1456692279	768	1685	13
1456692282	768	1689	13
1456692285	768	1693	13
1456692288	768	1702	13
1456692291	768	1707	13
1456692294	768	1712	13
1456692297	768	1716	13
1456692300	768	1717	13
1456692303	768	1724	13
1456692306	768	1731	13
1456692309	768	1734	13
1456692312	768	1738	13
1456692315	768	1740	13
1456692318	769	1744	13
1456692321	769	1749	13
1456692324	769	1757	13
1456692327	769	1757	13
1456692330	769	1763	13
1456692333	769	1766	13
1456692336	769	1771	13
1456692339	769	1777	13
1456692342	768	1780	13
1456692345	769	1790	13
1456692348	768	1795	13
1456692351	768	1795	13
1456692354	768	1803	13
1456692357	768	1804	13
1456692360	768	1809	13
1456692363	768	1818	13
1456692366	768	1822	13
1456692369	768	1831	13
1456692372	768	1836	13
1456692375	768	1845	13
1456692378	768	1849	13
1456692381	768	1854	13
1456692384	768	1859	13
1456692387	769	1868	13
1456692390	769	1872	13
1456692393	769	1876	13
1456692396	769	1877	13
1456692399	769	1883	13
1456692402	768	1892	13
1456692405	768	1892	13
1456692408	768	1897	13
1456692411	768	1897	13
1456692414	768	1902	13
1456692417	768	1902	13
1456692420	768	1907	13
1456692423	768	1912	13
1456692426	768	1911	13
1456692429	768	1908	13
1456692432	768	1908	13
1456692435	768	1908	13
1456692438	768	1908	13
1456692441	768	1908	13
1456692444	768	1910	13
1456692447	768	1910	13
1456692450	768	1917	13
1456692453	768	1913	13
1456692456	768	1913	13
1456692459	768	1918	13
1456692462	768	1918	13
1456692465	768	1920	13
1456692468	768	1923	13
1456692471	768	1924	13
1456692474	768	1929	13
1456692477	768	1933	13
1456692480	768	1933	13
1456692483	769	1947	13
1456692486	768	1943	13
1456692489	768	1947	13
1456692492	768	1952	13
1456692495	768	1956	13
1456692498	769	1957	13
1456692501	768	1957	13
1456692504	769	1953	13
1456692507	769	1953	13
1456692510	769	1957	13
1456692513	769	1963	13
1456692516	768	1967	13
1456692519	768	1976	13
1456692522	767	1976	13
1456692525	767	1981	13
1456692528	767	1981	13
1456692531	767	1990	13
1456692534	768	1990	13
1456692537	768	1995	13
1456692540	768	1999	13
1456692543	768	1999	13
1456692546	768	2004	13
1456692549	768	2000	13
1456692552	768	1999	13
1456692555	768	1999	13
1456692558	769	2008	13
1456692561	768	2004	13
1456692564	768	2003	13
1456692567	768	2003	13
1456692570	768	2003	13
1456692573	768	1999	13
1456692576	768	2003	13
1456692579	768	2003	13
1456692582	768	2002	13
1456692585	768	2003	13
1456692588	768	2012	13
1456692591	768	2011	13
1456692594	768	2007	13
1456692597	768	2015	13
1456692600	768	2015	13
1456692603	768	2024	13
1456692606	768	2021	13
1456692609	768	2024	13
1456692612	768	2025	13
1456692615	768	2028	13
1456692618	768	2032	13
1456692621	768	2037	13
1456692624	767	1811	13
1456692627	748	1733	11
1456692630	718	1705	11
1456692633	689	1709	11
1456692636	671	1717	11
1456692639	673	1724	11
1456692642	675	1736	11
1456692645	677	1740	11
1456692648	679	1747	11
1456692651	681	1751	11
1456692654	682	1684	11
1456692657	675	1503	9
1456692660	650	1473	9
1456692663	634	1327	9
1456692666	603	1235	7
1456692669	574	980	7
1456692672	545	935	5
1456692675	509	671	5
1456692678	477	649	3
1456692681	439	259	1
1456693074	360	60	1
1456693077	356	173	1
1456693080	351	209	2
1456693083	360	314	2
1456693086	369	335	3
1456693089	391	501	3
1456693092	402	533	3
1456693095	408	539	3
1456693098	414	586	5
1456693101	427	718	4
1456693104	441	725	4
1456693107	455	745	5
1456693110	463	831	5
1456693113	469	814	5
1456693116	475	815	7
1456693119	482	890	6
1456693122	492	933	6
1456693125	504	972	7
1456693128	519	1045	7
1456693131	526	1050	7
1456693134	537	1136	8
1456693137	556	1194	8
1456693140	573	1186	8
1456693143	584	1231	9
1456693146	597	1172	9
1456693149	599	1109	9
1456693152	605	1108	9
1456693155	606	1105	9
1456693158	608	1102	9
1456693161	611	1104	9
1456693164	613	1101	9
1456693167	615	1096	9
1456693170	616	1096	9
1456693173	618	1093	9
1456693176	619	1093	9
1456693179	621	1091	9
1456693182	621	1085	9
1456693185	622	1082	9
1456693188	623	1079	9
1456693191	624	1073	9
1456693194	625	1070	9
1456693197	626	1064	9
1456693200	627	1060	9
1456693203	627	1062	9
1456693206	626	1059	9
1456693209	626	1059	9
1456693212	626	1059	9
1456693215	626	1059	9
1456693218	626	1059	9
1456693221	627	1056	9
1456693224	627	1058	9
1456693227	627	1058	9
1456693230	627	1058	9
1456693233	626	1058	9
1456693236	627	1063	9
1456693239	626	1064	9
1456693242	626	1066	9
1456693245	626	1071	9
1456693248	626	1072	9
1456693251	626	1075	9
1456693254	626	1075	9
1456693257	626	1077	9
1456693260	626	1080	9
1456693263	626	1080	9
1456693266	626	1080	9
1456693269	625	1081	9
1456693272	625	1082	9
1456693275	625	1081	9
1456693278	626	1082	9
1456693281	626	1082	9
1456693284	625	1015	9
1456693287	615	886	7
1456693290	587	689	7
1456693293	551	597	5
1456693296	507	518	3
1456693299	467	46	1
1456693713	359	46	1
1456693716	357	171	1
1456693719	349	185	1
1456693722	343	190	3
1456693725	342	238	2
1456693728	357	285	2
1456693731	372	288	2
1456693734	386	291	2
1456693737	388	291	2
1456693740	390	291	2
1456693743	391	301	3
1456693746	398	364	3
1456693749	406	366	3
1456693752	414	370	3
1456693755	417	373	3
1456693758	421	405	5
1456693761	434	495	4
1456693764	445	504	4
1456693767	456	507	4
1456693770	458	525	5
1456693773	465	601	5
1456693776	471	623	5
1456693779	477	632	5
1456693782	480	639	6
1456693785	484	700	6
1456693788	495	741	6
1456693791	504	758	6
1456693794	513	793	7
1456693797	520	862	7
1456693800	527	876	7
1456693803	532	900	7
1456693806	537	917	7
1456693809	539	938	7
1456693812	542	956	8
1456693815	551	1026	8
1456693818	564	1058	8
1456693821	578	1094	9
1456693824	594	1167	9
1456693827	602	1198	11
1456693830	614	1280	10
1456693833	632	1329	11
1456693845	683	1506	13
1456693848	695	1568	12
1456693851	708	1597	13
1456693854	724	1665	13
1456693857	737	1695	13
1456693860	746	1719	13
1456693863	754	1733	13
1456693866	756	1743	13
1456693869	758	1749	13
1456693872	759	1755	13
1456693875	761	1755	13
1456693878	762	1753	13
1456693881	763	1758	13
1456693884	764	1756	13
1456693887	765	1748	13
1456693890	766	1746	13
1456693893	767	1738	13
1456693896	767	1731	13
1456693899	767	1719	13
1456693902	767	1717	13
1456693905	767	1708	13
1456693908	767	1701	13
1456693911	767	1689	13
1456693914	768	1681	13
1456693917	768	1673	13
1456693920	768	1670	13
1456693923	768	1666	13
1456693926	768	1659	13
1456693929	768	1651	13
1456693932	768	1647	13
1456693935	769	1635	13
1456693938	769	1635	13
1456693941	769	1632	13
1456693944	768	1628	13
1456693947	768	1625	13
1456693950	768	1624	13
1456693953	768	1625	13
1456693956	768	1625	13
1456693959	768	1625	13
1456693962	768	1625	13
1456693965	768	1625	13
1456693968	768	1630	13
1456693971	767	1635	13
1456693974	767	1635	13
1456693977	767	1636	13
1456693980	767	1644	13
1456693983	767	1648	13
1456693986	768	1649	13
1456693989	767	1653	13
1456693992	767	1657	13
1456693995	767	1662	13
1456693998	767	1663	13
1456694001	767	1666	13
1456694004	768	1666	13
1456694007	768	1666	13
1456694010	768	1666	13
1456694013	768	1668	13
1456694016	768	1668	13
1456694019	768	1669	13
1456694022	768	1676	13
1456694025	768	1677	13
1456694028	768	1677	13
1456694031	768	1678	13
1456694034	767	1683	13
1456694037	767	1683	13
1456694040	767	1686	13
1456694043	768	1687	13
1456694046	768	1688	13
1456694049	768	1688	13
1456694052	768	1692	13
1456694055	768	1692	13
1456694058	768	1692	13
1456694061	768	1692	13
1456694064	768	1692	13
1456694067	768	1689	13
1456694070	768	1689	13
1456694073	767	1689	13
1456694076	767	1691	13
1456694079	768	1693	13
1456694082	768	1694	13
1456694085	768	1694	13
1456694088	767	1695	13
1456694091	767	1695	13
1456694094	767	1695	13
1456694097	768	1692	13
1456694100	768	1691	13
1456694103	767	1687	13
1456694106	767	1691	13
1456694109	768	1687	13
1456694112	767	1687	13
1456694115	768	1692	13
1456694118	768	1688	13
1456694121	768	1688	13
1456694124	768	1685	13
1456694127	768	1683	13
1456694130	768	1681	13
1456694133	768	1680	13
1456694136	768	1680	13
1456694139	767	1676	13
1456694142	767	1672	13
1456694145	767	1667	13
1456694148	767	1659	13
1456694151	768	1651	13
1456694154	767	1647	13
1456694157	768	1638	13
1456694160	767	1631	13
1456694163	767	1626	13
1456694166	767	1617	13
1456694169	767	1601	13
1456694172	767	1597	13
1456694175	768	1593	13
1456694178	768	1584	13
1456694181	767	1579	13
1456694184	767	1571	13
1456694187	767	1567	13
1456694190	767	1559	13
1456694193	767	1554	13
1456694196	766	1551	13
1456694199	766	1541	13
1456694202	767	1529	13
1456694205	767	1520	13
1456694208	767	1504	13
1456694211	767	1495	13
1456694214	767	1480	13
1456694217	767	1460	13
1456694220	767	1443	13
1456694223	766	1431	13
1456694226	767	1411	13
1456694229	768	1395	13
1456694232	768	1383	13
1456694235	768	1371	13
1456694238	767	1351	13
1456694241	765	1195	13
1456694244	739	1182	11
1456694247	712	1185	11
1456694250	685	1047	9
1456694253	655	1024	9
1456694256	636	1027	9
1456694259	616	1018	9
1456694262	608	1007	9
1456694265	611	1002	9
1456694268	612	915	9
1456694271	602	837	7
1456694274	577	813	7
1456694277	553	811	7
1456694280	534	807	7
1456694283	536	797	7
1456694286	538	792	7
1456694289	539	785	7
1456694292	540	781	7
1456694295	542	748	7
1456694298	537	554	5
1456694301	513	323	3
1456694322	357	2	1
1456694325	358	103	1
1456694328	352	152	1
1456694331	347	152	1
1456694334	341	157	3
1456694337	349	230	2
1456694340	362	225	2
1456694343	371	230	3
1456694346	390	271	3
1456694349	399	268	3
1456694352	412	289	5
1456694355	430	348	5
1456694358	449	390	5
1456694361	465	390	5
1456694364	471	395	5
1456694367	473	395	5
1456694370	476	399	5
1456694373	480	404	5
1456694376	482	406	5
1456694379	485	407	5
1456694382	487	409	5
1456694385	489	413	5
1456694388	491	415	5
1456694391	492	418	5
1456694394	492	421	5
1456694397	492	429	7
1456694400	499	473	6
1456694403	506	476	7
1456694406	516	510	7
1456694409	524	530	7
1456694412	530	542	7
1456694415	536	557	7
1456694418	540	586	8
1456694421	558	632	9
1456694424	580	673	9
1456694427	601	693	9
1456694430	615	737	10
1456694433	630	785	11
1456694445	683	926	13
1456694448	694	978	12
1456694451	708	1020	12
1456694454	722	1057	13
1456694457	737	1124	13
1456694460	745	1159	13
1456694463	751	1190	13
1456694466	760	1225	13
1456694469	763	1258	13
1456694472	767	1284	13
1456694475	770	1316	13
1456694478	770	1344	13
1456694481	770	1370	13
1456694484	770	1399	13
1456694487	770	1419	13
1456694490	770	1441	13
1456694493	770	1465	13
1456694496	770	1488	13
1456694499	769	1505	13
1456694502	769	1520	13
1456694505	769	1536	13
1456694508	769	1542	13
1456694511	769	1549	13
1456694514	769	1562	13
1456694517	769	1567	13
1456694520	769	1569	13
1456694523	769	1578	13
1456694526	769	1581	13
1456694529	769	1585	13
1456694532	769	1587	13
1456694535	769	1588	13
1456694538	769	1588	13
1456694541	769	1590	13
1456694544	769	1591	13
1456694547	768	1591	13
1456694550	768	1591	13
1456694553	768	1593	13
1456694556	768	1594	13
1456694559	768	1578	13
1456694562	769	1538	13
1456694565	770	1538	13
1456694568	770	1538	13
1456694571	769	1542	13
1456694574	767	1538	13
1456694577	768	1498	13
1456694580	768	1501	13
1456694583	768	1507	13
1456694586	767	1513	13
1456694589	764	1514	13
1456694592	764	1519	13
1456694595	766	1514	13
1456694598	768	1514	13
1456694601	769	1522	13
1456694604	769	1521	13
1456694607	769	1524	13
1456694610	769	1524	13
1456694613	769	1526	13
1456694616	770	1526	13
1456694619	770	1526	13
1456694622	769	1526	13
1456694625	770	1525	13
1456694628	770	1524	13
1456694631	770	1520	13
1456694634	769	1520	13
1456694637	768	1519	13
1456694640	769	1515	13
1456694643	769	1511	13
1456694646	769	1511	13
1456694649	769	1511	13
1456694652	769	1510	13
1456694655	769	1510	13
1456694658	769	1513	13
1456694661	768	1513	13
1456694664	768	1517	13
1456694667	768	1517	13
1456694670	768	1517	13
1456694673	769	1513	13
1456694676	769	1512	13
1456694679	768	1508	13
1456694682	768	1505	13
1456694685	768	1496	13
1456694688	768	1492	13
1456694691	768	1484	13
1456694694	768	1471	13
1456694697	768	1467	13
1456694700	769	1462	13
1456694703	768	1447	13
1456694706	769	1447	13
1456694709	769	1447	13
1456694712	769	1450	13
1456694715	769	1454	13
1456694718	768	1457	13
1456694721	768	1465	13
1456694724	768	1437	13
1456694727	760	1314	11
1456694730	731	1302	11
1456694733	701	1309	11
1456694736	671	1179	9
1456694739	648	1162	9
1456694742	629	984	8
1456694745	594	982	7
1456694748	564	967	7
1456694751	543	891	7
1456694754	527	701	5
1456694757	509	632	5
1456694760	488	471	3
1456694763	453	467	3
1456694766	428	473	3
1456694769	408	475	3
1456694772	400	71	1
1456695849	359	10	1
1456695852	359	148	1
1456695855	352	177	1
1456695858	346	189	1
1456695861	339	199	1
1456695864	342	215	3
1456695867	352	320	2
1456695870	364	328	2
1456695873	377	349	3
1456695876	391	517	3
1456695879	398	533	3
1456695882	406	570	5
1456695885	420	688	4
1456695888	434	707	4
1456695891	448	676	4
1456695894	458	710	5
1456695897	465	794	5
1456695900	472	815	6
1456695903	482	900	6
1456695906	493	914	6
1456695909	503	919	6
1456695912	513	924	6
1456695915	515	932	7
1456695918	520	1000	7
1456695921	528	1038	7
1456695924	535	1048	7
1456695927	541	1056	7
1456695930	542	1061	7
1456695933	544	1072	7
1456695936	547	1077	7
1456695939	549	1078	7
1456695942	549	937	7
1456695945	547	931	7
1456695948	546	935	7
1456695951	547	960	8
1456695954	560	1011	8
1456695957	573	1019	8
1456695960	588	1060	9
1456695963	600	1114	9
1456695966	607	1122	9
1456695969	615	1134	9
1456695972	617	1143	9
1456695975	620	1151	9
1456695978	622	1156	9
1456695981	625	1164	9
1456695984	626	1168	9
1456695987	627	1168	9
1456695990	627	1173	9
1456695993	627	1179	9
1456695996	626	1182	9
1456695999	626	1184	9
1456696002	627	1184	9
1456696005	627	1188	9
1456696008	626	1189	9
1456696011	626	1194	9
1456696014	626	1198	9
1456696017	626	1202	9
1456696020	627	1206	9
1456696023	627	1208	9
1456696026	627	1212	9
1456696029	626	1213	9
1456696032	626	1217	9
1456696035	626	1217	9
1456696038	626	1223	9
1456696041	626	1223	9
1456696044	626	1225	9
1456696047	625	1231	9
1456696050	626	1231	9
1456696053	626	1234	9
1456696056	627	1236	9
1456696059	627	1239	9
1456696062	626	1244	9
1456696065	626	1245	9
1456696068	626	1253	9
1456696071	626	1256	9
1456696074	626	1261	9
1456696077	626	1262	9
1456696080	627	1270	9
1456696083	627	1277	9
1456696086	627	1282	9
1456696089	626	1290	9
1456696092	626	1298	9
1456696095	626	1302	9
1456696098	627	1306	9
1456696101	627	1314	9
1456696104	627	1318	9
1456696107	626	1323	9
1456696110	626	1328	9
1456696113	626	1331	9
1456696116	626	1332	9
1456696119	626	1337	9
1456696122	626	1345	9
1456696125	627	1354	9
1456696128	627	1354	9
1456696131	627	1335	9
1456696134	619	1085	7
1456696137	590	1060	7
1456696140	560	1052	7
1456696143	533	1059	7
1456696146	529	836	7
1456696149	518	813	5
1456696152	501	811	5
1456696155	483	811	5
1456696158	474	809	5
1456696161	477	809	5
1456696164	479	809	5
1456696167	482	809	5
1456696170	485	805	5
1456696173	487	801	5
1456696176	489	791	5
1456696179	491	788	5
1456696182	491	787	5
1456696185	491	786	5
1456696188	491	783	5
1456696191	491	780	5
1456696194	491	779	5
1456696197	491	774	5
1456696200	491	773	5
1456696203	491	770	5
1456696206	491	769	5
1456696209	490	767	5
1456696212	491	767	5
1456696215	491	766	5
1456696218	491	766	5
1456696221	490	766	5
1456696224	490	762	5
1456696227	490	762	5
1456696230	491	762	5
1456696233	491	762	5
1456696236	491	762	5
1456696239	490	762	5
1456696242	491	762	5
1456696245	491	762	5
1456696248	490	762	5
1456696251	491	762	5
1456696254	490	762	5
1456696257	490	762	5
1456696260	490	762	5
1456696263	490	762	5
1456696266	490	759	5
1456696269	490	759	5
1456696272	490	759	5
1456696275	490	756	5
1456696278	490	759	5
1456696281	490	759	5
1456696284	490	759	5
1456696287	490	756	5
1456696290	490	749	5
1456696293	490	747	5
1456696296	490	747	5
1456696299	490	744	5
1456696302	490	740	5
1456696305	490	737	5
1456696308	490	737	5
1456696311	490	732	5
1456696314	490	730	5
1456696317	490	725	5
1456696320	490	728	5
1456696323	490	725	5
1456696326	490	722	5
1456696329	490	718	5
1456696332	490	718	5
1456696335	490	713	5
1456696338	490	713	5
1456696341	490	712	5
1456696344	490	709	5
1456696347	490	709	5
1456696350	490	708	5
1456696353	490	708	5
1456696356	490	706	5
1456696359	490	706	5
1456696362	490	706	5
1456696365	490	706	5
1456696368	490	703	5
1456696371	490	703	5
1456696374	490	703	5
1456696377	490	703	5
1456696380	490	703	5
1456696383	490	703	5
1456696386	490	700	5
1456696389	490	700	5
1456696392	490	700	5
1456696395	490	700	5
1456696398	490	700	5
1456696401	490	700	5
1456696404	490	700	5
1456696407	490	700	5
1456696410	490	698	5
1456696413	490	695	5
1456696416	490	695	5
1456696419	490	694	5
1456696422	490	691	5
1456696425	490	691	5
1456696428	490	686	5
1456696431	490	688	5
1456696434	490	511	5
1456696437	480	26	1
1456697118	358	2	1
1456697121	358	2	1
1456697523	358	6	1
1456697526	357	32	1
1456697529	351	27	1
1456697532	346	30	1
1456697535	340	32	1
1456697538	344	38	1
1456697541	347	47	1
1456697544	351	51	1
1456697547	354	56	1
1456697550	356	56	1
1456697553	357	62	3
1456697556	365	98	2
1456697559	372	101	2
1456697562	381	112	2
1456697565	387	122	2
1456697568	389	131	3
1456697571	396	169	3
1456697574	403	176	5
1456697577	417	217	4
1456697580	433	242	4
1456697583	441	255	4
1456697586	453	268	4
1456697589	456	283	5
1456697592	464	328	5
1456697595	470	344	5
1456697598	475	357	5
1456697601	477	368	5
1456697604	479	379	5
1456697607	483	390	5
1456697610	485	404	5
1456697613	488	412	5
1456697616	489	423	5
1456697619	490	432	5
1456697622	490	438	5
1456697625	490	450	5
1456697628	489	458	5
1456697631	489	467	5
1456697634	490	473	5
1456697637	490	476	5
1456697640	490	485	5
1456697643	490	493	5
1456697646	490	496	5
1456697649	490	503	5
1456697652	490	508	5
1456697655	490	511	5
1456697658	490	391	5
1456697661	480	329	3
1456697664	454	332	3
1456697667	426	334	3
1456697670	404	337	3
1456697673	401	340	3
1456697676	404	340	3
1456697679	408	342	3
1456697682	410	342	3
1456697685	413	345	3
1456697688	415	282	3
1456698279	344	2	1
1456698282	353	42	1
1456698285	350	40	1
1456698288	346	34	1
1456698291	341	25	1
1456698705	359	2	1
1456698717	359	2	1
1456698720	360	40	1
1456698744	355	4	1
1456698747	356	36	1
1456698750	351	40	1
1456698753	346	53	1
1456698921	359	29	1
1456698924	356	51	1
1456698927	350	66	1
1456698942	343	42	1
1456698945	347	29	1
1456698948	350	31	1
1456698951	354	45	1
1456698954	355	60	1
1456698957	359	82	3
1456698960	367	132	2
1456698963	373	160	2
1456698966	382	187	3
1456698969	395	244	3
1456698972	403	269	3
1456698975	412	289	3
1456698978	415	305	3
1456698981	418	321	3
1456698984	419	329	3
1456698987	420	342	3
1456698990	420	350	3
1456698993	420	358	3
1456698996	420	370	3
1456698999	420	372	3
1456699002	419	189	3
1456699098	358	2	1
1456699101	360	42	1
1456699104	353	27	1
1456699107	347	34	1
1456699110	341	47	1
1456699113	343	58	1
1456699116	346	64	1
1456699149	357	2	1
1456699152	359	42	1
1456699155	353	36	1
1456699158	348	47	1
1456699161	342	60	1
1456699164	344	73	1
1456699167	347	84	1
1456699170	350	96	1
1456699173	352	103	1
1456699176	354	112	1
1456699179	356	116	1
1456699182	357	125	1
1456699185	358	130	1
1456699188	358	132	1
1456699191	358	137	1
1456699194	358	144	1
1456699197	358	149	1
1456699200	358	154	1
1456699203	358	159	1
1456699206	358	161	1
1456699209	358	166	1
1456699212	358	89	1
1456699251	360	45	1
1456699254	356	96	1
1456699257	349	100	1
1456699260	343	112	1
1456699263	338	123	1
1456699266	341	128	1
1456699374	359	10	1
1456699377	356	31	1
1456699380	350	29	1
1456699383	346	38	1
1456699386	342	55	1
1456699389	348	71	1
1456699392	351	86	1
1456699395	354	98	1
1456699398	356	112	1
1456699401	357	121	1
1456699578	357	6	1
1456699581	357	29	1
1456699593	348	8	1
1456699980	359	2	1
