1461757980	369	0	1
1461758067	353	0	1
1461758127	368	0	1
1461758130	368	0	1
1461758133	370	0	2
1461758220	370	0	2
1461758223	366	5	1
1461758466	368	0	1
1461758469	368	0	1
1461758472	369	0	1
1461759441	368	44	1
1461759444	364	25	1
1461759447	362	32	1
1461759450	359	32	1
1461759453	359	0	1
1461759456	359	0	1
1461762765	369	58	1
1461762768	365	25	1
1461762771	362	32	1
1461762774	359	29	1
1461762777	360	34	2
1461762780	370	93	2
1461762783	383	90	2
1461762786	393	92	2
1461762789	396	92	2
1461762792	403	125	3
1461762795	414	151	3
1461762798	425	155	3
1461762801	434	155	3
1461762804	434	158	7
1461762807	442	232	4
1461762810	451	274	4
1461762813	460	280	4
1461762816	466	280	4
1461762819	466	284	4
1461762822	468	289	5
1461762825	475	370	5
1461762828	484	404	5
1461762831	493	415	6
1461762834	504	490	6
1461762837	513	550	6
1461762840	522	558	6
1461762843	530	559	6
1461762846	530	564	6
1461762849	533	567	6
1461762852	536	567	6
1461762855	539	569	6
1461762858	540	570	6
1461762861	540	576	6
1461762864	540	573	6
1461762867	540	576	6
1461762870	540	577	6
1461762873	540	577	6
1461762876	540	577	6
1461762879	541	582	6
1461762882	541	582	6
1461762885	540	587	6
1461762888	540	584	6
1461762891	540	583	6
1461762894	540	586	6
1461762897	540	583	6
1461762900	540	585	6
1461762903	540	586	6
1461762906	540	592	6
1461762909	540	589	6
1461762912	540	587	6
1461762915	540	591	6
1461762918	540	588	6
1461762921	540	590	6
1461762924	540	592	6
1461762927	541	590	6
1461762930	541	622	7
1461762933	550	722	7
1461762936	558	736	7
1461762939	566	738	7
1461762942	570	734	7
1461762945	573	730	7
1461762948	577	734	7
1461762951	579	736	7
1461762954	581	717	7
1461762957	569	168	3
1461762960	525	209	7
1461762963	497	372	6
1461762966	486	497	6
1461762969	504	618	7
1461762972	535	723	7
1461762975	550	730	7
1461762978	568	760	10
1461762981	579	819	8
1461762984	584	856	10
1461762987	595	934	9
1461762990	608	986	9
1461762993	619	985	9
1461762996	630	1038	10
1461762999	641	1124	10
1461763002	655	1121	10
1461763005	673	1167	11
1461763008	687	1310	11
1461763011	696	1287	11
1461763014	707	1294	11
1461763017	708	1319	11
1461763020	711	1284	11
1461763023	712	1280	11
1461763026	712	1283	11
1461763029	712	1304	11
1461763032	712	1288	11
1461763035	712	1292	11
1461763038	711	1298	11
1461763041	715	1346	15
1461763044	726	1456	12
1461763047	734	1451	12
1461763050	745	1498	13
1461763053	756	1592	13
1461763056	769	1611	13
1461763059	781	1587	13
1461763062	785	1614	13
1461763065	786	1610	13
1461763068	787	1594	13
1461763071	786	1611	13
1461763074	787	1584	13
1461763077	787	1603	13
1461763080	787	1620	13
1461763083	787	1627	13
1461763086	787	1583	13
1461763089	787	1616	13
1461763092	787	1611	13
1461763095	787	1653	13
1461763098	786	1614	13
1461763101	787	1602	13
1461763104	787	1634	13
1461763107	787	1618	13
1461763110	787	1613	13
1461763113	787	1645	13
1461763116	787	1644	13
1461763119	787	1650	13
1461763122	787	1648	13
1461763125	787	1617	13
1461763128	787	1638	13
1461763131	789	1729	14
1461763134	801	1767	14
1461763137	811	1779	14
1461763140	823	1774	14
1461763143	825	1754	14
1461763146	826	1774	14
1461763149	826	1781	14
1461763152	825	1747	14
1461763155	824	1735	14
1461763158	824	1756	14
1461763161	825	1738	14
1461763164	825	1720	14
1461763167	825	1766	14
1461763170	825	1722	14
1461763173	824	1741	14
1461763176	825	1754	14
1461763179	826	1813	14
1461763182	825	1707	14
1461763185	825	1731	14
1461763188	825	1804	14
1461763191	824	1762	14
1461763194	824	1717	14
1461763197	824	1680	14
1461763200	824	1753	14
1461763203	826	1730	14
1461763206	826	1783	14
1461763209	825	1767	14
1461763212	826	1734	14
1461763215	826	1780	14
1461763218	826	1775	14
1461763221	826	1784	14
1461763224	826	1765	14
1461763227	827	1758	14
1461763230	827	1769	14
1461763233	827	1739	14
1461763236	827	1766	14
1461763239	827	1752	14
1461763242	826	1772	14
1461763245	826	1755	14
1461763248	827	1758	14
1461763251	826	1749	14
1461763254	826	1772	14
1461763257	826	1745	14
1461763260	826	1756	14
1461763263	826	1766	14
1461763266	826	1751	14
1461763269	826	1744	14
1461763272	826	1749	14
1461763275	826	1775	14
1461763278	827	1781	14
1461763281	827	1765	14
1461763284	827	1769	14
1461763287	826	1762	14
1461763290	826	1749	14
1461763293	826	1749	14
1461763296	826	1772	14
1461763299	826	1762	14
1461763302	827	1744	14
1461763305	827	1779	14
1461763308	826	1766	14
1461763311	826	1782	14
1461763314	825	1759	14
1461763317	826	1772	14
1461763320	825	1778	14
1461763323	825	1762	14
1461763326	825	1736	14
1461763329	825	1762	14
1461763332	825	1756	14
1461763335	825	1761	14
1461763338	825	1759	14
1461763341	826	1766	14
1461763344	826	1767	14
1461763347	826	1771	14
1461763350	826	1742	14
1461763353	826	1759	14
1461763356	826	1755	14
1461763359	826	1776	14
1461763362	826	1768	14
1461763365	826	1768	14
1461763368	826	1727	14
1461763371	826	1755	14
1461763374	825	1767	14
1461763377	826	1797	14
1461763380	825	1738	14
1461763383	826	1823	14
1461763386	824	1751	14
1461763389	825	1757	14
1461763392	825	1773	14
1461763395	825	1756	14
1461763398	825	1738	14
1461763401	825	1756	14
1461763404	825	1795	14
1461763407	825	1774	14
1461763410	824	1755	14
1461763413	825	1772	14
1461763416	826	1760	14
1461763419	825	1767	14
1461763422	826	1763	14
1461763425	826	1772	14
1461763428	826	1755	14
1461763431	826	1767	14
1461763434	826	1772	14
1461763437	826	1730	14
1461763440	825	1814	14
1461763443	825	1750	14
1461763446	825	1767	14
1461763449	825	1813	14
1461763452	824	1763	14
1461763455	824	1772	14
1461763458	824	1748	14
1461763461	825	1738	14
1461763464	825	1751	14
1461763467	826	1765	14
1461763470	826	1763	14
1461763473	827	1752	14
1461763476	826	1773	14
1461763479	826	1755	14
1461763482	826	1767	14
1461763485	825	1756	14
1461763488	826	1749	14
1461763491	825	1758	14
1461763494	826	1763	14
1461763497	826	1759	14
1461763500	826	1790	14
1461763503	826	1775	14
1461763506	826	1774	14
1461763509	825	1799	14
1461763512	824	1772	14
1461763515	825	1755	14
1461763518	824	1747	14
1461763521	827	1743	14
1461763524	826	1735	14
1461763527	826	1729	14
1461763530	826	1752	14
1461763533	826	1733	14
1461763536	826	1744	14
1461763539	826	1722	14
1461763542	826	1746	14
1461763545	826	1764	14
1461763548	826	1759	14
1461763551	826	1768	14
1461763554	826	1742	14
1461763557	826	1751	14
1461763560	826	1748	14
1461763563	826	1758	14
1461763566	826	1761	14
1461763569	826	1768	14
1461763572	826	1771	14
1461763575	825	1776	14
1461763578	825	1774	14
1461763581	825	1768	14
1461763584	826	1770	14
1461763587	826	1764	14
1461763590	825	1586	14
1461763593	816	1720	14
1461763596	816	1763	14
1461763599	814	1777	14
1461763602	822	1780	14
1461763605	822	1780	14
1461763608	824	1773	14
1461763611	825	1778	14
1461763614	825	1777	14
1461763617	825	1772	14
1461763620	825	1778	14
1461763623	826	1776	14
1461763626	826	1815	14
1461763629	825	1771	14
1461763632	826	1750	14
1461763635	826	1742	14
1461763638	827	1744	14
1461763641	827	1743	14
1461763644	826	1754	14
1461763647	826	1752	14
1461763650	826	1744	14
1461763653	826	1742	14
1461763656	826	1743	14
1461763659	826	1753	14
1461763662	826	1749	14
1461763665	826	1737	14
1461763668	826	1743	14
1461763671	826	1748	14
1461763674	825	1753	14
1461763677	826	1742	14
1461763680	826	1743	14
1461763683	826	1743	14
1461763686	826	1744	14
1461763689	826	1740	14
1461763692	826	1743	14
1461763695	826	1749	14
1461763698	826	1750	14
1461763701	826	1755	14
1461763704	825	1747	14
1461763707	825	1742	14
1461763710	825	1748	14
1461763713	825	1741	14
1461763716	826	1747	14
1461763719	826	1750	14
1461763722	826	1750	14
1461763725	826	1746	14
1461763728	825	1758	14
1461763731	825	1751	14
1461763734	825	1755	14
1461763737	825	1746	14
1461763740	825	1743	14
1461763743	824	1742	14
1461763746	824	1744	14
1461763749	824	1747	14
1461763752	825	1748	14
1461763755	825	1749	14
1461763758	825	1751	14
1461763761	825	1755	14
1461763764	825	1753	14
1461763767	825	1743	14
1461763770	825	1748	14
1461763773	825	1748	14
1461763776	819	1623	14
1461763779	802	1615	13
1461763782	786	1627	13
1461763785	773	1644	13
1461763788	777	1637	13
1461763791	773	1472	12
1461763794	758	1311	15
1461763797	735	1319	11
1461763800	707	1163	10
1461763803	685	1013	10
1461763806	659	1003	9
1461763809	636	1013	9
1461763812	625	1022	9
1461763815	623	1034	9
1461763818	626	934	10
1461763821	616	808	8
1461763824	603	739	10
1461763827	587	604	7
1461763830	565	588	6
1461763833	546	453	5
1461763836	523	449	5
1461763839	508	451	5
1461763842	496	114	7
1461763845	467	0	2
1461769449	368	1	1
1461769452	366	32	1
1461769455	365	31	1
1461769458	365	30	1
1461769461	364	33	1
1461769464	367	33	1
1461769467	367	35	1
1461769470	366	0	1
1461772098	368	0	1
1461772101	367	53	1
1461772104	363	49	1
1461772107	359	51	1
1461772110	362	89	7
1461772113	383	177	3
1461772116	403	177	3
1461772119	423	178	3
1461772122	428	179	3
1461772125	431	180	3
1461772128	433	180	3
1461772131	435	182	3
1461772134	435	183	3
1461772137	436	183	3
1461772140	436	183	3
1461772143	436	184	3
1461772146	436	186	3
1461772149	436	186	3
1461772152	436	188	3
1461772155	436	186	3
1461772158	436	188	3
1461772161	436	188	3
1461772164	436	187	3
1461772167	436	189	3
1461772170	436	192	3
1461772173	436	191	3
1461772176	436	192	3
1461772179	436	192	3
1461772182	436	193	3
1461772185	436	192	3
1461772188	436	196	3
1461772191	436	195	3
1461772194	436	197	3
1461772197	436	196	3
1461772200	436	198	3
1461772203	434	90	3
1461772206	414	0	1
1461772260	368	0	1
1461772263	368	40	2
1461772266	376	85	2
1461772269	388	116	3
1461772272	405	209	7
1461772275	429	292	4
1461772278	452	376	5
1461772281	474	471	5
1461772284	488	454	5
1461772287	498	476	6
1461772290	507	560	6
1461772293	518	588	6
1461772296	528	647	7
1461772299	544	739	7
1461772302	558	744	10
1461772305	577	833	8
1461772308	585	826	8
1461772311	589	888	9
1461772314	598	1003	9
1461772317	611	1033	9
1461772320	625	1029	9
1461772323	630	1036	9
1461772326	630	1036	9
1461772329	629	1041	9
1461772332	629	1064	9
1461772335	629	1040	9
1461772338	630	1029	9
1461772341	629	1020	9
1461772344	621	851	10
1461772347	606	632	7
1461772350	576	466	6
1461772353	534	126	7
1461772356	490	86	3
1461772359	444	39	2
1461772362	404	0	1
1461772581	369	5	1
1461772584	363	25	1
1461772587	364	48	2
1461772590	372	67	3
1461772593	389	117	3
1461772596	411	210	7
1461772599	431	382	4
1461772602	446	331	4
1461772605	456	332	4
1461772608	460	339	5
1461772611	469	409	5
1461772614	481	453	6
1461772617	495	505	6
1461772620	514	597	6
1461772623	523	601	6
1461772626	534	601	6
1461772629	535	596	6
1461772632	538	591	6
1461772635	540	594	6
1461772638	539	596	6
1461772641	538	598	6
1461772644	539	597	6
1461772647	540	593	6
1461772650	540	598	6
1461772653	540	598	6
1461772656	540	600	6
1461772659	540	599	6
1461772662	540	596	6
1461772665	541	593	6
1461772668	541	602	6
1461772671	540	605	6
1461772674	540	601	6
1461772677	540	603	6
1461772680	540	600	6
1461772683	541	597	6
1461772686	540	605	6
1461772689	540	603	6
1461772692	540	601	6
1461772695	540	602	6
1461772698	541	602	6
1461772701	538	468	6
1461772704	522	456	5
1461772707	508	461	5
1461772710	495	459	5
1461772713	496	462	5
1461772716	498	458	5
1461772719	500	459	5
1461772722	503	460	5
1461772725	505	462	5
1461772728	507	460	5
1461772731	507	456	5
1461772734	507	459	5
1461772737	507	459	5
1461772740	507	460	5
1461772743	507	460	5
1461772746	507	461	5
1461772749	507	462	5
1461772752	506	461	5
1461772755	506	460	5
1461772758	506	463	5
1461772761	507	457	5
1461772764	507	460	5
1461772767	506	458	5
1461772770	507	459	5
1461772773	506	463	5
1461772776	507	405	5
1461772779	495	129	7
1461772782	470	58	3
1461772785	431	0	1
1461773286	367	0	1
1461773289	368	51	1
1461773292	363	39	1
1461773295	360	40	1
1461773298	356	41	1
1461773301	358	42	1
1461773304	361	41	1
1461773307	363	43	1
1461773310	365	43	1
1461773313	366	44	1
1461773316	370	62	2
1461773319	380	100	2
1461773322	389	104	3
1461773325	404	158	3
1461773328	414	164	3
1461773331	425	163	3
1461773334	434	164	3
1461773337	435	168	3
1461773340	436	166	3
1461773343	436	168	3
1461773346	436	170	3
1461773349	436	172	3
1461773352	436	172	3
1461773355	436	173	3
1461773358	436	186	7
1461773361	445	295	4
1461773364	455	313	5
1461773367	475	421	5
1461773370	486	425	5
1461773373	497	450	6
1461773376	507	537	6
1461773379	517	562	6
1461773382	526	568	6
1461773385	531	596	7
1461773388	541	698	7
1461773391	556	716	7
1461773394	570	727	7
1461773397	579	722	7
1461773400	579	723	7
1461773403	580	725	7
1461773406	580	728	7
1461773409	579	731	7
1461773412	580	730	7
1461773415	580	738	7
1461773418	580	858	7
1461773421	578	752	7
1461773424	578	735	7
1461773427	578	728	7
1461773430	579	725	7
1461773433	580	731	7
1461773436	579	728	7
1461773439	580	732	7
1461773442	580	736	7
1461773445	579	735	7
1461773448	579	734	7
1461773451	579	739	7
1461773454	579	741	7
1461773457	579	743	7
1461773460	578	743	7
1461773463	579	746	7
1461773466	578	751	7
1461773469	579	747	7
1461773472	578	746	7
1461773475	578	749	7
1461773478	579	763	10
1461773481	583	863	8
1461773484	584	845	8
1461773487	587	851	8
1461773490	589	857	8
1461773493	592	849	8
1461773496	593	857	8
1461773499	593	854	8
1461773502	593	853	8
1461773505	593	850	8
1461773508	593	853	8
1461773511	593	861	8
1461773514	593	856	8
1461773517	593	857	8
1461773520	592	852	8
1461773523	592	854	8
1461773526	592	849	8
1461773529	592	850	8
1461773532	593	855	8
1461773535	593	858	8
1461773538	593	861	8
1461773541	593	857	8
1461773544	593	644	10
1461773547	574	474	6
1461773550	542	346	5
1461773553	503	336	4
1461773556	475	332	4
1461773559	468	331	4
1461773562	469	332	7
1461773565	463	155	3
1461773568	448	159	3
1461773571	434	161	3
1461773574	421	163	3
1461773577	423	165	3
1461773580	426	167	3
1461773583	429	166	3
1461773586	431	166	3
1461773589	434	164	3
1461773592	435	163	3
1461773595	436	163	3
1461773598	436	162	3
1461773601	436	163	3
1461773604	436	163	3
1461773607	436	163	3
1461773610	436	162	3
1461773613	436	162	3
1461773616	436	161	3
1461773619	436	161	3
1461773622	436	161	3
1461773625	436	161	3
1461773628	436	161	3
1461773631	436	161	3
1461773634	436	123	3
1461773637	425	60	2
1461773640	410	60	2
1461773643	396	59	2
1461773646	389	67	3
1461773649	402	136	3
1461773652	413	154	3
1461773655	425	156	3
1461773658	429	158	3
1461773661	431	160	3
1461773664	433	161	3
1461773667	435	162	3
1461773670	436	162	3
1461773673	436	163	3
1461773676	436	163	3
1461773679	436	163	3
1461773682	436	163	3
1461773685	436	164	3
1461773688	436	164	3
1461773691	436	165	3
1461773694	436	164	3
1461773697	436	165	3
1461773700	436	164	3
1461773703	436	165	3
1461773706	436	165	3
1461773709	436	165	3
1461773712	436	164	3
1461773715	436	164	3
1461773718	436	164	3
1461773721	436	163	3
1461773724	436	164	3
1461773727	436	163	3
1461773730	436	163	3
1461773733	436	163	3
1461773736	436	163	3
1461773739	436	163	3
1461773742	436	162	3
1461773745	436	163	3
1461773748	436	162	3
1461773751	436	163	3
1461773754	436	164	3
1461773757	436	164	3
1461773760	436	164	3
1461773763	436	162	3
1461773766	436	161	3
1461773769	436	161	3
1461773772	436	148	3
1461773775	425	0	2
1461775236	368	0	1
1461775239	367	57	1
1461775242	365	27	1
1461775245	363	32	2
1461775248	369	100	3
1461775251	391	153	7
1461775254	420	249	4
1461775257	443	255	4
1461775260	459	270	5
1461775263	469	353	5
1461775266	481	391	5
1461775269	492	397	5
1461775272	498	405	5
1461775275	498	411	5
1461775278	500	416	5
1461775281	502	421	5
1461775284	505	424	6
1461775287	511	501	6
1461775290	519	562	6
1461775293	525	570	6
1461775296	530	573	6
1461775299	530	579	6
1461775302	535	577	6
1461775305	539	575	6
1461775308	541	582	6
1461775311	541	586	6
1461775314	541	587	6
1461775317	541	584	6
1461775320	541	589	6
1461775323	541	597	6
1461775326	540	596	6
1461775329	540	591	6
1461775332	541	631	7
1461775335	549	719	7
1461775338	559	739	7
1461775341	568	750	7
1461775344	573	764	7
1461775347	574	740	7
1461775350	577	732	7
1461775353	578	737	7
1461775356	580	732	7
1461775359	580	733	7
1461775362	580	739	7
1461775365	580	732	7
1461775368	580	740	7
1461775371	580	733	7
1461775374	580	738	7
1461775377	579	741	7
1461775380	580	740	7
1461775383	580	747	7
1461775386	579	744	7
1461775389	580	744	7
1461775392	580	744	7
1461775395	580	751	7
1461775398	580	748	7
1461775401	580	750	7
1461775404	580	760	10
1461775407	583	831	8
1461775410	584	841	8
1461775413	587	854	8
1461775416	588	864	8
1461775419	590	871	8
1461775422	592	866	8
1461775425	593	860	8
1461775428	593	858	8
1461775431	593	859	8
1461775434	593	854	8
1461775437	593	853	8
1461775440	593	859	8
1461775443	593	856	8
1461775446	592	853	8
1461775449	592	859	8
1461775452	593	861	8
1461775455	593	856	8
1461775458	593	861	8
1461775461	592	861	8
1461775464	592	858	8
1461775467	592	860	8
1461775470	592	867	8
1461775473	593	859	8
1461775476	593	862	8
1461775479	593	864	8
1461775482	593	864	8
1461775485	593	863	8
1461775488	593	862	8
1461775491	593	870	8
1461775494	595	940	9
1461775497	606	1020	9
1461775500	616	1033	10
1461775503	630	1125	10
1461775506	645	1233	11
1461775509	668	1322	11
1461775512	695	1394	15
1461775515	718	1539	13
1461775518	743	1630	13
1461775521	764	1652	13
1461775524	779	1718	14
1461775527	797	1775	14
1461775530	810	1781	14
1461775533	823	1774	14
1461775536	825	1774	14
1461775539	825	1774	14
1461775542	825	1776	14
1461775545	825	1780	14
1461775548	825	1779	14
1461775551	825	1778	14
1461775554	825	1786	14
1461775557	825	1789	14
1461775560	825	1785	14
1461775563	825	1788	14
1461775566	825	1607	14
1461775569	813	1438	13
1461775572	791	1417	12
1461775575	765	1431	12
1461775578	745	1435	12
1461775581	742	1439	12
1461775584	744	1427	12
1461775587	746	1423	12
1461775590	747	1215	15
1461775593	730	865	9
1461775596	689	787	9
1461775599	642	720	10
1461775602	597	722	7
1461775605	583	539	7
1461775608	555	401	5
1461775611	522	121	7
1461775614	473	0	3
1461776157	367	0	1
1461776160	367	46	1
1461776163	361	40	1
1461776166	358	42	1
1461776169	354	46	1
1461776172	358	44	1
1461776175	361	44	1
1461776178	364	43	1
1461776181	366	43	1
1461776184	367	43	1
1461776187	367	42	1
1461776190	368	43	1
1461776193	368	43	1
1461776196	368	44	1
1461776199	368	43	1
1461776202	368	43	1
1461776205	368	43	1
1461776208	368	44	1
1461776211	368	44	1
1461776214	368	44	1
1461776217	368	44	1
1461776220	368	43	1
1461776223	367	0	1
1461776226	367	46	1
1461776229	365	41	1
1461776232	363	42	1
1461776235	363	43	1
1461776238	365	43	1
1461776241	367	43	1
1461776244	368	44	1
1461776247	368	44	1
1461776250	368	44	1
1461776253	368	45	1
1461776256	368	45	1
1461776259	368	45	1
1461776262	368	45	1
1461776265	368	45	1
1461776268	368	44	1
1461776271	368	45	1
1461776274	368	44	1
1461776277	368	44	1
1461776280	367	0	1
1461776352	369	13	1
1461776355	364	35	1
1461776358	360	38	1
1461776361	357	39	1
1461776364	356	40	1
1461776367	359	40	1
1461776370	362	40	1
1461776373	364	0	1
1461776532	368	3	1
1461776535	364	25	1
1461776538	362	30	1
1461776541	360	9	13
1461776547	358	1	1
1461776550	359	0	13
1461776553	355	0	1
1461777888	368	6	1
1461777891	365	27	1
1461777894	364	34	2
1461777897	375	94	3
1461777900	393	139	3
1461777903	417	153	7
1461777906	439	256	4
1461777909	450	289	5
1461777912	471	375	5
1461777915	483	386	5
1461777918	495	395	5
1461777921	499	407	5
1461777924	500	406	5
1461777927	501	412	5
1461777930	503	415	5
1461777933	505	420	5
1461777936	506	425	5
1461777939	507	422	5
1461777942	507	425	5
1461777945	507	432	5
1461777948	507	432	5
1461777951	507	434	5
1461777954	507	436	5
1461777957	506	435	5
1461777960	506	437	5
1461777963	507	437	5
1461777966	507	440	5
1461777969	507	443	5
1461777972	507	445	5
1461777975	507	448	5
1461777978	507	449	5
1461777981	507	452	5
1461777984	507	447	5
1461777987	507	452	5
1461777990	507	455	5
1461777993	507	449	5
1461777996	507	452	5
1461777999	507	457	5
1461778002	507	453	5
1461778005	507	456	5
1461778008	507	460	5
1461778011	507	456	5
1461778014	507	458	5
1461778017	507	461	5
1461778020	507	458	5
1461778023	507	460	5
1461778026	507	458	5
1461778029	508	459	5
1461778032	507	463	5
1461778035	507	461	5
1461778038	507	461	5
1461778041	507	462	5
1461778044	507	461	5
1461778047	507	462	5
1461778050	507	464	5
1461778053	507	464	5
1461778056	507	462	5
1461778059	507	464	5
1461778062	507	462	5
1461778065	507	461	5
1461778068	507	465	5
1461778071	507	464	5
1461778074	507	462	5
1461778077	507	463	5
1461778080	507	463	5
1461778083	507	463	5
1461778086	507	461	5
1461778089	507	460	5
1461778092	507	461	5
1461778095	507	464	5
1461778098	507	463	5
1461778101	507	463	5
1461778104	507	464	5
1461778107	507	466	5
1461778110	507	462	5
1461778113	507	464	5
1461778116	507	466	5
1461778119	507	466	5
1461778122	507	465	5
1461778125	507	465	5
1461778128	507	465	5
1461778131	507	465	5
1461778134	507	467	5
1461778137	507	465	5
1461778140	507	467	5
1461778143	507	466	5
1461778146	507	469	5
1461778149	507	465	5
1461778152	507	463	5
1461778155	507	466	5
1461778158	507	469	5
1461778161	507	568	5
1461778164	506	469	5
1461778167	506	462	5
1461778170	506	453	5
1461778173	507	454	5
1461778176	507	453	5
1461778179	507	453	5
1461778182	507	453	5
1461778185	507	451	5
1461778188	507	449	5
1461778191	507	451	5
1461778194	507	452	5
1461778197	502	338	5
1461778200	486	325	4
1461778203	471	142	7
1461778206	439	73	2
1461778209	412	0	1
1461778314	368	0	1
1461778317	368	6	1
1461778320	371	39	2
1461778323	380	64	3
1461778326	397	131	7
1461778329	420	227	4
1461778332	438	334	4
1461778335	451	332	4
1461778338	459	335	4
1461778341	460	338	4
1461778344	464	336	4
1461778347	466	348	4
1461778350	468	332	4
1461778353	470	330	4
1461778356	473	358	5
1461778359	483	443	5
1461778362	490	450	5
1461778365	499	449	5
1461778368	499	455	5
1461778371	504	491	6
1461778374	515	579	6
1461778377	522	591	6
1461778380	530	595	6
1461778383	530	597	6
1461778386	533	597	6
1461778389	537	596	6
1461778392	540	595	6
1461778395	541	596	6
1461778398	541	597	6
1461778401	540	596	6
1461778404	536	465	6
1461778407	520	456	5
1461778410	506	461	5
1461778413	494	459	5
1461778416	498	364	5
1461778419	489	112	4
1461778422	468	166	3
1461778425	444	170	3
1461778428	426	173	3
1461778431	422	176	3
1461778434	424	177	3
1461778437	427	178	3
1461778440	429	178	3
1461778443	431	178	3
1461778446	433	178	3
1461778449	434	179	3
1461778452	435	180	3
1461778455	435	180	3
1461778458	435	182	3
1461778461	435	182	3
1461778464	435	182	3
1461778467	435	182	3
1461778470	435	183	3
1461778473	435	183	3
1461778476	435	184	3
1461778479	435	184	3
1461778482	435	184	3
1461778485	435	185	3
1461778488	435	186	3
1461778491	435	187	3
1461778494	435	187	3
1461778497	435	188	3
1461778500	435	188	3
1461778503	435	189	3
1461778506	435	190	3
1461778509	436	191	3
1461778512	436	192	3
1461778515	436	192	3
1461778518	436	192	3
1461778521	436	135	3
1461778524	423	0	2
1461778689	367	0	1
1461778692	368	34	1
1461778695	364	49	1
1461778698	360	57	2
1461778701	365	116	2
1461778704	375	125	2
1461778707	386	123	2
1461778710	394	126	2
1461778713	396	125	3
1461778716	403	163	3
1461778719	414	189	3
1461778722	424	191	3
1461778725	433	191	3
1461778728	434	192	3
1461778731	435	190	3
1461778734	436	190	3
1461778737	436	192	3
1461778740	436	193	3
1461778743	436	191	3
1461778746	436	192	3
1461778749	436	192	3
1461778752	436	194	3
1461778755	436	209	7
1461778758	453	330	6
1461778761	481	459	6
1461778764	505	570	6
1461778767	523	597	6
1461778770	525	598	6
1461778773	531	600	6
1461778776	538	595	6
1461778779	540	598	6
1461778782	541	600	6
1461778785	540	602	6
1461778788	540	600	6
1461778791	538	608	6
1461778794	538	598	6
1461778797	532	348	6
1461778800	508	321	4
1461778803	486	322	4
1461778806	462	156	7
1461778809	448	196	3
1461778812	435	203	3
1461778815	423	202	3
1461778818	422	202	3
1461778821	425	201	3
1461778824	428	202	3
1461778827	428	94	3
1461778830	417	106	2
1461778833	405	107	2
1461778836	388	47	1
1461778839	375	0	13
1461779127	368	0	1
1461779130	368	53	1
1461779133	364	47	1
1461779136	362	49	1
1461779139	364	72	2
1461779142	375	112	2
1461779145	386	114	3
1461779148	402	170	3
1461779151	412	177	3
1461779154	424	178	3
1461779157	433	177	3
1461779160	435	177	3
1461779163	436	179	3
1461779166	436	178	3
1461779169	436	178	3
1461779172	436	178	3
1461779175	436	179	3
1461779178	436	180	3
1461779181	436	181	3
1461779184	436	181	3
1461779187	436	181	3
1461779190	436	181	3
1461779193	436	183	3
1461779196	436	183	3
1461779199	436	183	3
1461779202	436	185	3
1461779205	436	184	3
1461779208	436	185	3
1461779211	436	184	3
1461779214	436	184	3
1461779217	436	183	3
1461779220	436	185	3
1461779223	436	184	3
1461779226	436	194	7
1461779229	444	281	4
1461779232	451	313	4
1461779235	460	313	4
1461779238	464	315	4
1461779241	465	315	4
1461779244	468	313	4
1461779247	469	313	4
1461779250	470	313	4
1461779253	471	314	4
1461779256	471	315	4
1461779259	471	316	4
1461779262	470	315	4
1461779265	471	315	4
1461779268	470	318	4
1461779271	471	320	4
1461779274	471	317	4
1461779277	471	316	4
1461779280	471	317	4
1461779283	471	318	4
1461779286	470	317	4
1461779289	470	319	7
1461779292	465	201	3
1461779295	450	191	3
1461779298	437	191	3
1461779301	426	191	3
1461779304	428	188	3
1461779307	430	189	3
1461779310	433	189	3
1461779313	434	190	3
1461779316	435	188	3
1461779319	436	189	3
1461779322	435	189	3
1461779325	435	188	3
1461779328	435	190	3
1461779331	435	187	3
1461779334	435	188	3
1461779337	435	189	3
1461779340	435	190	3
1461779343	435	189	3
1461779346	435	189	3
1461779349	436	190	3
1461779352	436	193	3
1461779355	436	191	3
1461779358	436	190	3
1461779361	436	191	3
1461779364	436	190	3
1461779367	435	191	3
1461779370	435	194	3
1461779373	436	192	3
1461779376	436	193	3
1461779379	436	193	3
1461779382	436	192	3
1461779385	435	194	3
1461779388	435	195	3
1461779391	435	196	3
1461779394	435	200	7
1461779397	442	270	4
1461779400	450	321	4
1461779403	459	323	4
1461779406	465	324	4
1461779409	465	326	4
1461779412	470	355	5
1461779415	481	453	5
1461779418	489	456	5
1461779421	498	460	5
1461779424	499	459	5
1461779427	502	459	5
1461779430	505	463	5
1461779433	506	463	5
1461779436	507	463	5
1461779439	507	463	5
1461779442	507	463	5
1461779445	506	468	5
1461779448	506	458	5
1461779451	506	454	5
1461779454	507	458	5
1461779457	507	456	5
1461779460	507	457	5
1461779463	507	474	6
1461779466	514	549	6
1461779469	521	581	6
1461779472	528	595	6
1461779475	532	597	6
1461779478	533	598	7
1461779481	540	665	7
1461779484	554	738	7
1461779487	565	742	7
1461779490	576	744	7
1461779493	578	740	7
1461779496	580	740	7
1461779499	581	743	7
1461779502	580	740	7
1461779505	580	743	7
1461779508	580	744	7
1461779511	580	746	7
1461779514	580	745	7
1461779517	580	748	7
1461779520	580	749	7
1461779523	580	751	7
1461779526	580	753	7
1461779529	580	753	7
1461779532	580	753	7
1461779535	580	750	7
1461779538	580	755	7
1461779541	580	761	7
1461779544	580	751	7
1461779547	580	721	7
1461779550	579	759	7
1461779553	579	748	7
1461779556	579	744	7
1461779559	579	742	7
1461779562	579	747	7
1461779565	578	734	7
1461779568	575	435	7
1461779571	543	65	7
1461779574	486	0	1
1461779643	367	0	1
1461779646	366	24	2
1461779649	373	58	3
1461779652	389	129	5
1461779655	414	281	5
1461779658	445	401	5
1461779661	475	501	6
1461779664	503	636	7
1461779667	533	745	7
1461779670	555	771	7
1461779673	569	757	7
1461779676	577	760	10
1461779679	581	835	8
1461779682	584	834	8
1461779685	586	855	9
1461779688	594	952	9
1461779691	607	1019	9
1461779694	618	1033	9
1461779697	628	1041	9
1461779700	628	1038	9
1461779703	630	1036	9
1461779706	631	1039	9
1461779709	631	1036	9
1461779712	631	1042	9
1461779715	631	1040	9
1461779718	631	1031	9
1461779721	631	1034	9
1461779724	631	1036	9
1461779727	631	1031	9
1461779730	631	1034	9
1461779733	631	1040	9
1461779736	631	1042	9
1461779739	631	1034	9
1461779742	631	1036	9
1461779745	631	1034	9
1461779748	631	1031	9
1461779751	631	1036	9
1461779754	631	1037	9
1461779757	631	1038	9
1461779760	630	1032	9
1461779763	631	1028	9
1461779766	631	1049	9
1461779769	631	1046	9
1461779772	630	1035	9
1461779775	631	1041	9
1461779778	631	1032	9
1461779781	631	1044	9
1461779784	630	1039	9
1461779787	630	1045	9
1461779790	630	1036	9
1461779793	631	1040	9
1461779796	631	1045	9
1461779799	630	1041	9
1461779802	630	1054	9
1461779805	630	1038	9
1461779808	630	1045	9
1461779811	630	1039	9
1461779814	630	1046	9
1461779817	629	1047	9
1461779820	630	1042	9
1461779823	630	1044	9
1461779826	631	1042	9
1461779829	631	1049	9
1461779832	631	1044	9
1461779835	631	1037	9
1461779838	631	1036	9
1461779841	631	1037	9
1461779844	630	1038	9
1461779847	630	1041	9
1461779850	630	1041	9
1461779853	630	1036	9
1461779856	631	1039	9
1461779859	631	1041	9
1461779862	631	1040	9
1461779865	631	1038	9
1461779868	631	1036	9
1461779871	631	1033	9
1461779874	631	1032	9
1461779877	631	1037	9
1461779880	631	1033	9
1461779883	631	1037	9
1461779886	630	1034	9
1461779889	631	1037	9
1461779892	631	1036	9
1461779895	631	1034	9
1461779898	631	1034	9
1461779901	631	1036	9
1461779904	631	1035	9
1461779907	631	1033	9
1461779910	631	1033	9
1461779913	630	1034	9
1461779916	630	1036	9
1461779919	630	1043	9
1461779922	631	1042	9
1461779925	631	1041	9
1461779928	631	1044	9
1461779931	631	1042	9
1461779934	631	1042	9
1461779937	631	1043	9
1461779940	631	1035	9
1461779943	631	1040	9
1461779946	631	1044	9
1461779949	631	1042	9
1461779952	631	1046	9
1461779955	631	1042	9
1461779958	631	1043	9
1461779961	631	1046	9
1461779964	631	1035	9
1461779967	631	1044	9
1461779970	631	1042	9
1461779973	629	887	9
1461779976	623	776	9
1461779979	607	774	10
1461779982	595	841	9
1461779985	602	930	9
1461779988	608	995	9
1461779991	619	1014	9
1461779994	621	1024	9
1461779997	622	1036	9
1461780000	625	1041	9
1461780003	627	1048	9
1461780006	629	1046	9
1461780009	630	1047	9
1461780012	631	1049	9
1461780015	631	1043	9
1461780018	631	1042	9
1461780021	631	853	9
1461780024	617	779	10
1461780027	602	766	7
1461780030	583	605	7
1461780033	558	605	6
1461780036	541	477	6
1461780039	519	468	5
1461780042	506	345	5
1461780045	486	333	4
1461780048	472	337	7
1461780051	457	76	3
1461780054	434	19	2
1461780165	369	4	1
1461780168	368	41	2
1461780171	378	78	2
1461780174	388	100	3
1461780177	408	199	3
1461780180	417	198	3
1461780183	428	215	7
1461780186	439	320	4
1461780189	452	426	5
1461780192	474	479	7
1461780195	501	609	7
1461780198	536	722	7
1461780201	557	737	7
1461780204	570	749	7
1461780207	572	750	7
1461780210	576	738	7
1461780213	579	746	7
1461780216	580	742	7
1461780219	580	741	7
1461780222	579	744	7
1461780225	579	749	7
1461780228	578	748	7
1461780231	579	744	7
1461780234	579	752	7
1461780237	580	755	7
1461780240	579	753	7
1461780243	579	755	7
1461780246	580	751	7
1461780249	580	752	7
1461780252	580	751	7
1461780255	580	754	7
1461780258	579	753	7
1461780261	579	751	7
1461780264	580	752	7
1461780267	579	744	7
1461780270	580	741	7
1461780273	579	739	7
1461780276	580	733	7
1461780279	579	738	7
1461780282	580	731	7
1461780285	579	736	7
1461780288	579	736	7
1461780291	579	739	7
1461780294	579	735	7
1461780297	579	734	7
1461780300	579	735	7
1461780303	580	735	7
1461780306	580	736	7
1461780309	580	729	7
1461780312	580	734	7
1461780315	579	735	7
1461780318	580	737	7
1461780321	580	734	7
1461780324	579	738	7
1461780327	579	734	7
1461780330	579	730	7
1461780333	580	738	7
1461780336	580	733	7
1461780339	580	736	7
1461780342	580	728	7
1461780345	580	730	7
1461780348	580	730	7
1461780351	580	733	7
1461780354	580	735	7
1461780357	580	732	7
1461780360	580	736	7
1461780363	580	734	7
1461780366	580	734	7
1461780369	580	734	7
1461780372	580	725	7
1461780375	580	734	7
1461780378	579	732	7
1461780381	579	731	7
1461780384	579	733	7
1461780387	579	734	7
1461780390	579	735	7
1461780393	579	730	7
1461780396	580	728	7
1461780399	580	726	7
1461780402	569	462	5
1461780405	543	448	5
1461780408	519	447	5
1461780411	499	442	5
1461780414	504	445	5
1461780417	506	445	5
1461780420	507	443	5
1461780423	507	441	5
1461780426	507	447	5
1461780429	507	441	5
1461780432	507	443	5
1461780435	507	439	5
1461780438	506	442	5
1461780441	506	447	5
1461780444	506	447	5
1461780447	506	449	5
1461780450	506	445	5
1461780453	507	448	5
1461780456	507	448	5
1461780459	507	445	5
1461780462	506	443	5
1461780465	506	444	5
1461780468	507	455	6
1461780471	515	564	6
1461780474	523	581	6
1461780477	530	581	6
1461780480	533	584	6
1461780483	534	586	6
1461780486	538	584	6
1461780489	540	583	6
1461780492	541	582	6
1461780495	541	581	6
1461780498	541	581	6
1461780501	540	583	6
1461780504	540	582	6
1461780507	541	579	6
1461780510	541	580	6
1461780513	541	580	6
1461780516	540	582	6
1461780519	540	579	6
1461780522	540	581	6
1461780525	540	581	6
1461780528	541	581	6
1461780531	540	584	6
1461780534	541	603	7
1461780537	550	708	7
1461780540	560	724	7
1461780543	570	728	7
1461780546	574	725	7
1461780549	576	727	7
1461780552	579	726	7
1461780555	580	724	7
1461780558	580	729	7
1461780561	580	730	7
1461780564	580	730	7
1461780567	580	727	7
1461780570	580	730	7
1461780573	580	732	7
1461780576	580	721	7
1461780579	580	732	7
1461780582	581	768	10
1461780585	584	835	9
1461780588	592	916	9
1461780591	606	1001	9
1461780594	618	1072	10
1461780597	641	1193	11
1461780600	661	1273	11
1461780603	691	1406	12
1461780606	716	1472	12
1461780609	735	1467	12
1461780612	746	1521	13
1461780615	758	1603	13
1461780618	769	1615	13
1461780621	780	1630	13
1461780624	784	1626	13
1461780627	785	1628	13
1461780630	786	1622	13
1461780633	786	1626	13
1461780636	786	1631	13
1461780639	786	1629	13
1461780642	786	1635	13
1461780645	786	1632	13
1461780648	786	1631	13
1461780651	786	1642	13
1461780654	786	1635	13
1461780657	786	1638	13
1461780660	786	1636	13
1461780663	786	1644	13
1461780666	786	1636	13
1461780669	785	1635	13
1461780672	785	1631	13
1461780675	785	1628	13
1461780678	785	1636	13
1461780681	786	1623	13
1461780684	786	1634	13
1461780687	786	1638	13
1461780690	786	1630	13
1461780693	786	1625	13
1461780696	786	1622	13
1461780699	786	1628	13
1461780702	786	1619	13
1461780705	786	1623	13
1461780708	786	1622	13
1461780711	786	1621	13
1461780714	786	1620	13
1461780717	786	1623	13
1461780720	786	1629	13
1461780723	785	1620	13
1461780726	785	1623	13
1461780729	785	1620	13
1461780732	785	1630	13
1461780735	785	1622	13
1461780738	784	1621	13
1461780741	785	1622	13
1461780744	785	1627	13
1461780747	786	1624	13
1461780750	786	1625	13
1461780753	785	1621	13
1461780756	786	1618	13
1461780759	785	1624	13
1461780762	786	1623	13
1461780765	786	1629	13
1461780768	786	1614	13
1461780771	786	1622	13
1461780774	786	1624	13
1461780777	786	1620	13
1461780780	786	1622	13
1461780783	786	1615	13
1461780786	786	1619	13
1461780789	786	1617	13
1461780792	786	1620	13
1461780795	786	1609	13
1461780798	786	1611	13
1461780801	786	1615	13
1461780804	786	1619	13
1461780807	786	1614	13
1461780810	785	1613	13
1461780813	785	1619	13
1461780816	785	1622	13
1461780819	785	1613	13
1461780822	785	1617	13
1461780825	785	1612	13
1461780828	785	1611	13
1461780831	785	1614	13
1461780834	785	1612	13
1461780837	786	1615	13
1461780840	786	1608	13
1461780843	786	1621	13
1461780846	785	1613	13
1461780849	785	1619	13
1461780852	785	1610	13
1461780855	785	1610	13
1461780858	785	1607	13
1461780861	785	1611	13
1461780864	785	1609	13
1461780867	785	1605	13
1461780870	785	1615	13
1461780873	785	1615	13
1461780876	785	1618	13
1461780879	785	1613	13
1461780882	785	1618	13
1461780885	785	1623	13
1461780888	785	1624	13
1461780891	786	1620	13
1461780894	785	1622	13
1461780897	785	1618	13
1461780900	785	1616	13
1461780903	785	1622	13
1461780906	785	1618	13
1461780909	785	1614	13
1461780912	785	1612	13
1461780915	785	1614	13
1461780918	785	1606	13
1461780921	785	1625	13
1461780924	785	1622	13
1461780927	785	1621	13
1461780930	785	1620	13
1461780933	785	1609	13
1461780936	785	1612	13
1461780939	785	1607	13
1461780942	785	1621	13
1461780945	785	1609	13
1461780948	785	1617	13
1461780951	785	1623	13
1461780954	785	1615	13
1461780957	785	1624	13
1461780960	785	1617	13
1461780963	785	1617	13
1461780966	785	1621	13
1461780969	785	1622	13
1461780972	786	1613	13
1461780975	785	1617	13
1461780978	785	1627	13
1461780981	785	1611	13
1461780984	785	1618	13
1461780987	785	1615	13
1461780990	785	1616	13
1461780993	785	1622	13
1461780996	785	1621	13
1461780999	785	1623	13
1461781002	785	1621	13
1461781005	785	1625	13
1461781008	785	1616	13
1461781011	785	1624	13
1461781014	785	1619	13
1461781017	785	1619	13
1461781020	785	1622	13
1461781023	785	1611	13
1461781026	785	1607	13
1461781029	785	1617	13
1461781032	785	1618	13
1461781035	785	1606	13
1461781038	785	1621	13
1461781041	785	1619	13
1461781044	785	1619	13
1461781047	785	1616	13
1461781050	785	1608	13
1461781053	785	1616	13
1461781056	784	1611	13
1461781059	784	1614	13
1461781062	784	1611	13
1461781065	783	1618	13
1461781068	783	1620	13
1461781071	784	1625	13
1461781074	784	1621	13
1461781077	785	1628	13
1461781080	785	1621	13
1461781083	785	1621	13
1461781086	785	1623	13
1461781089	785	1619	13
1461781092	785	1615	13
1461781095	785	1450	13
1461781098	770	1361	15
1461781101	746	1148	11
1461781104	701	863	10
1461781107	647	590	7
1461781110	586	342	7
1461781113	524	77	3
1461781116	457	0	1
1461781584	369	4	1
1461781587	363	42	1
1461781590	359	45	2
1461781593	364	97	2
1461781596	372	125	3
1461781599	395	195	3
1461781602	416	211	7
1461781605	438	322	4
1461781608	454	348	5
1461781611	476	453	5
1461781614	485	478	6
1461781617	506	565	6
1461781620	518	593	6
1461781623	529	605	7
1461781626	542	701	7
1461781629	554	743	7
1461781632	567	831	10
1461781635	576	826	8
1461781638	579	853	8
1461781641	586	846	8
1461781644	592	844	8
1461781647	593	845	8
1461781650	593	843	8
1461781653	593	843	8
1461781656	593	844	8
1461781659	593	847	8
1461781662	592	847	8
1461781665	592	856	8
1461781668	592	852	8
1461781671	592	849	8
1461781674	593	854	8
1461781677	593	855	8
1461781680	593	855	8
1461781683	593	858	8
1461781686	593	858	8
1461781689	593	857	8
1461781692	592	859	8
1461781695	593	863	8
1461781698	593	860	8
1461781701	593	861	8
1461781704	592	864	8
1461781707	593	865	8
1461781710	592	860	8
1461781713	592	867	8
1461781716	593	868	8
1461781719	592	866	8
1461781722	592	868	8
1461781725	592	826	8
1461781728	592	879	8
1461781731	592	875	8
1461781734	592	861	8
1461781737	592	858	8
1461781740	592	751	8
1461781743	585	500	7
1461781746	557	346	5
1461781749	516	129	7
1461781752	462	43	2
1461781755	415	0	1
1461782256	367	0	1
1461782268	367	0	1
1461782271	367	32	1
1461782274	361	34	2
1461782277	364	77	2
1461782280	370	91	2
1461782283	380	95	2
1461782286	393	91	2
1461782289	395	98	2
1461782292	398	102	2
1461782295	401	111	3
1461782298	411	157	3
1461782301	422	162	7
1461782304	438	225	4
1461782307	448	279	4
1461782310	458	292	5
1461782313	471	376	5
1461782316	480	409	5
1461782319	491	418	5
1461782322	499	422	5
1461782325	499	426	5
1461782328	502	427	5
1461782331	503	433	5
1461782334	505	433	5
1461782337	506	436	5
1461782340	506	438	5
1461782343	506	439	5
1461782346	506	445	5
1461782349	506	447	5
1461782352	507	467	6
1461782355	516	582	6
1461782358	522	588	6
1461782361	530	596	6
1461782364	532	597	6
1461782367	535	599	6
1461782370	538	598	6
1461782373	540	596	6
1461782376	540	602	6
1461782379	540	602	6
1461782382	540	603	6
1461782385	540	604	6
1461782388	540	604	6
1461782391	540	607	6
1461782394	540	582	6
1461782397	526	247	4
1461782400	495	121	3
1461782403	451	118	2
1461782406	412	47	2
1461782409	384	0	1
1461782442	368	0	1
1461782445	368	34	1
1461782448	361	53	1
1461782451	357	54	1
1461782454	351	55	1
1461782457	355	55	1
1461782460	358	56	1
1461782463	362	60	2
1461782466	374	119	2
1461782469	385	119	2
1461782472	395	120	2
1461782475	397	120	2
1461782478	399	119	2
1461782481	401	117	2
1461782484	401	118	2
1461782487	402	125	3
1461782490	412	179	3
1461782493	421	177	3
1461782496	432	178	3
1461782499	434	177	3
1461782502	436	176	3
1461782505	436	175	3
1461782508	436	175	3
1461782511	436	174	3
1461782514	436	174	3
1461782517	437	176	3
1461782520	436	174	3
1461782523	437	174	3
1461782526	436	175	3
1461782529	436	171	3
1461782532	436	174	3
1461782535	427	117	2
1461782538	412	114	2
1461782541	398	113	2
1461782544	388	115	2
1461782547	391	113	2
1461782550	393	114	2
1461782553	396	114	2
1461782556	399	113	2
1461782559	399	40	2
1461782562	384	48	1
1461782565	369	0	1
1461782583	358	3	1
1461782586	360	37	1
1461782589	359	39	2
1461782592	365	92	2
1461782595	372	109	3
1461782598	396	154	3
1461782601	414	152	3
1461782604	426	157	3
1461782607	431	157	3
1461782610	434	157	3
1461782613	435	161	3
1461782616	436	160	3
1461782619	434	91	3
1461782622	419	72	2
1461782625	396	19	1
1461783906	367	0	1
1461783909	368	59	1
1461783912	364	27	1
1461783915	363	33	2
1461783918	370	86	2
1461783921	383	94	3
1461783924	404	139	3
1461783927	420	151	7
1461783930	442	274	5
1461783933	464	369	5
1461783936	484	407	7
1461783939	515	511	7
1461783942	540	651	7
1461783945	557	670	7
1461783948	568	680	7
1461783951	569	679	7
1461783954	575	689	7
1461783957	578	698	7
1461783960	578	699	7
1461783963	579	698	7
1461783966	580	703	7
1461783969	580	704	7
1461783972	580	707	7
1461783975	580	711	7
1461783978	580	716	7
1461783981	580	716	7
1461783984	580	724	7
1461783987	580	718	7
1461783990	580	720	7
1461783993	580	726	7
1461783996	580	728	7
1461783999	580	730	7
1461784002	580	733	7
1461784005	580	731	7
1461784008	580	734	7
1461784011	580	733	7
1461784014	580	736	7
1461784017	580	737	7
1461784020	580	743	7
1461784023	580	742	7
1461784026	580	740	7
1461784029	580	743	7
1461784032	580	746	7
1461784035	580	739	7
1461784038	580	745	7
1461784041	580	749	7
1461784044	580	747	7
1461784047	580	754	7
1461784050	580	752	7
1461784053	580	752	7
1461784056	580	752	7
1461784059	580	748	7
1461784062	580	750	7
1461784065	580	751	7
1461784068	580	748	7
1461784071	580	749	7
1461784074	580	750	7
1461784077	580	751	7
1461784080	580	753	7
1461784083	580	754	7
1461784086	572	314	7
1461784089	536	0	3
1461784659	368	0	1
1461784662	369	11	1
1461784665	363	58	2
1461784668	371	119	2
1461784671	377	124	3
1461784674	396	178	3
1461784677	411	190	3
1461784680	423	188	3
1461784683	433	198	4
1461784686	445	315	4
1461784689	454	316	4
1461784692	467	353	5
1461784695	479	437	5
1461784698	489	441	5
1461784701	499	439	5
1461784704	500	441	5
1461784707	503	443	5
1461784710	506	441	5
1461784713	507	437	5
1461784716	508	439	5
1461784719	508	436	5
1461784722	508	438	5
1461784725	507	438	5
1461784728	508	451	6
1461784731	519	602	7
1461784734	536	710	7
1461784737	552	718	7
1461784740	564	714	7
1461784743	569	718	7
1461784746	575	713	7
1461784749	579	717	7
1461784752	580	719	7
1461784755	580	717	7
1461784758	580	717	7
1461784761	580	727	7
1461784764	580	720	7
1461784767	580	723	7
1461784770	580	722	7
1461784773	580	717	7
1461784776	579	724	7
1461784779	579	727	7
1461784782	579	723	7
1461784785	579	731	7
1461784788	580	727	7
1461784791	580	729	7
1461784794	580	731	7
1461784797	580	735	7
1461784800	580	736	7
1461784803	581	728	7
1461784806	581	739	7
1461784809	580	738	7
1461784812	580	731	7
1461784815	580	737	7
1461784818	580	734	7
1461784821	580	736	7
1461784824	580	744	7
1461784827	580	743	7
1461784830	579	543	7
1461784833	557	480	5
1461784836	532	452	5
1461784839	502	324	4
1461784842	479	168	7
1461784845	454	103	3
1461784848	418	0	1
1461784962	368	40	1
1461784965	364	34	1
1461784968	360	37	1
1461784971	357	39	1
1461784974	358	38	1
1461784977	361	39	1
1461784980	363	39	1
1461784983	365	40	1
1461784986	367	0	1
1461785715	369	34	1
1461785718	365	25	1
1461785721	363	29	1
1461785724	361	31	1
1461785727	363	34	1
1461785730	366	36	1
1461785733	367	34	1
1461785736	368	36	1
1461785739	368	38	1
1461785742	368	40	1
1461785745	368	40	1
1461785748	368	41	1
1461785751	368	42	1
1461785754	368	43	1
1461785757	368	43	1
1461785760	368	45	1
1461785763	368	44	1
1461785766	368	44	1
1461785769	368	45	1
1461785772	368	45	1
1461785775	368	46	1
1461785778	368	47	1
1461785781	368	47	1
1461785784	368	46	1
1461785787	368	48	1
1461785790	368	48	1
1461785793	368	48	1
1461785796	368	48	1
1461785799	368	49	1
1461785802	368	50	1
1461785805	368	50	1
1461785808	368	51	1
1461785811	368	50	1
1461785814	368	51	1
1461785817	367	50	1
1461785820	368	51	1
1461785823	368	53	1
1461785826	368	52	1
1461785829	368	53	1
1461785832	368	54	1
1461785835	368	53	1
1461785838	368	55	1
1461785841	368	53	1
1461785844	368	54	1
1461785847	368	55	1
1461785850	368	56	1
1461785853	368	57	1
1461785856	368	56	1
1461785859	368	56	1
1461785862	368	57	1
1461785865	368	56	1
1461785868	367	58	1
1461785871	368	58	1
1461785874	368	57	1
1461785877	368	59	1
1461785880	368	58	1
1461785883	368	59	1
1461785886	368	59	1
1461785889	368	59	1
1461785892	368	60	1
1461785895	368	59	1
1461785898	368	58	1
1461785901	368	57	1
1461785904	368	56	1
1461785907	368	55	1
1461785910	368	54	1
1461785913	368	53	1
1461785916	368	52	1
1461785919	368	51	1
1461785922	368	50	1
1461785925	368	50	1
1461785928	368	49	1
1461785931	368	48	1
1461785934	368	47	1
1461785937	368	46	1
1461785940	368	46	1
1461785943	368	45	1
1461785946	368	44	1
1461785949	368	43	1
1461785952	368	43	1
1461785955	368	42	1
1461786642	369	8	1
1461786645	367	48	2
1461786648	376	99	2
1461786651	388	156	3
1461786654	410	207	7
1461786657	432	315	4
1461786660	449	349	5
1461786663	470	402	5
1461786666	485	481	6
1461786669	507	588	6
1461786672	521	597	6
1461786675	529	614	7
1461786678	540	708	7
1461786681	554	744	7
1461786684	569	749	7
1461786687	580	745	7
1461786690	580	747	7
1461786693	581	758	8
1461786696	583	838	8
1461786699	585	840	8
1461786702	588	870	9
1461786705	594	966	9
1461786708	607	1197	9
1461786711	616	1031	9
1461786714	627	1027	9
1461786717	628	1023	9
1461786720	631	1022	9
1461786723	631	1018	9
1461786726	631	1022	9
1461786729	631	1022	9
1461786732	631	1020	9
1461786735	631	1025	9
1461786738	631	1027	9
1461786741	630	1032	9
1461786744	631	1028	9
1461786747	630	1028	9
1461786750	630	1034	9
1461786753	630	1036	9
1461786756	630	1034	9
1461786759	630	1045	9
1461786762	630	1036	9
1461786765	630	1038	9
1461786768	630	1036	9
1461786771	630	1042	9
1461786774	630	1087	9
1461786777	629	1050	9
1461786780	630	1052	9
1461786783	630	1039	9
1461786786	631	1026	9
1461786789	631	1031	9
1461786792	630	1034	9
1461786795	630	1016	9
1461786798	631	1030	9
1461786801	630	1031	9
1461786804	631	1033	9
1461786807	630	1034	9
1461786810	630	1038	9
1461786813	631	1042	9
1461786816	631	1034	9
1461786819	631	1030	9
1461786822	630	1041	9
1461786825	630	1022	9
1461786828	619	806	10
1461786831	604	658	7
1461786834	575	478	6
1461786837	542	466	5
1461786840	520	468	5
1461786843	504	468	5
1461786846	505	467	5
1461786849	506	468	5
1461786852	507	466	5
1461786855	507	463	5
1461786858	507	467	5
1461786861	507	465	5
1461786864	507	466	5
1461786867	507	463	5
1461786870	507	465	5
1461786873	507	462	5
1461786876	507	465	5
1461786879	507	466	5
1461786882	506	465	5
1461786885	506	466	5
1461786888	506	463	5
1461786891	507	462	5
1461786894	507	463	5
1461786897	507	464	5
1461786900	507	464	5
1461786903	507	460	5
1461786906	507	462	5
1461786909	507	463	5
1461786912	508	457	5
1461786915	507	463	5
1461786918	507	462	5
1461786921	507	460	5
1461786924	507	462	5
1461786927	507	461	5
1461786930	507	460	5
1461786933	507	459	5
1461786936	507	460	5
1461786939	507	460	5
1461786942	507	453	5
1461786945	507	458	5
1461786948	508	459	5
1461786951	508	459	5
1461786954	508	461	5
1461786957	508	462	5
1461786960	508	463	5
1461786963	508	459	5
1461786966	508	462	5
1461786969	508	462	5
1461786972	508	462	5
1461786975	508	461	5
1461786978	508	462	5
1461786981	508	459	5
1461786984	508	461	5
1461786987	508	461	5
1461786990	508	459	5
1461786993	508	461	5
1461786996	508	462	5
1461786999	508	459	5
1461787002	507	461	5
1461787005	507	459	5
1461787008	507	460	5
1461787011	507	462	5
1461787014	507	462	5
1461787017	507	461	5
1461787020	507	459	5
1461787023	507	461	5
1461787026	507	459	5
1461787029	507	457	5
1461787032	507	459	5
1461787035	507	458	5
1461787038	507	459	5
1461787041	507	459	5
1461787044	507	457	5
1461787047	507	463	5
1461787050	507	465	5
1461787053	507	463	5
1461787056	507	460	5
1461787059	507	462	5
1461787062	507	461	5
1461787065	507	462	5
1461787068	507	462	5
1461787071	507	464	5
1461787074	507	464	5
1461787077	507	460	5
1461787080	507	462	5
1461787083	507	461	5
1461787086	507	461	5
1461787089	507	461	5
1461787092	506	464	5
1461787095	506	462	5
1461787098	507	463	5
1461787101	507	465	5
1461787104	508	466	5
1461787107	508	467	5
1461787110	506	351	5
1461787113	490	335	4
1461787116	475	337	4
1461787119	461	333	4
1461787122	461	334	4
1461787125	464	336	4
1461787128	467	334	4
1461787131	469	327	4
1461787134	468	118	7
1461787137	453	156	3
1461787140	438	161	3
1461787143	424	165	3
1461787146	423	170	3
1461787149	426	166	3
1461787152	428	78	3
1461787155	420	32	2
1461787158	400	0	1
1461787473	368	1	1
1461787476	364	49	1
1461787479	360	45	1
1461787482	356	46	1
1461787485	354	47	2
1461787488	364	110	2
1461787491	375	107	2
1461787494	386	108	2
1461787497	395	109	2
1461787500	397	110	2
1461787503	399	110	2
1461787506	400	111	2
1461787509	401	111	2
1461787512	401	109	2
1461787515	401	110	2
1461787518	401	110	2
1461787521	401	108	2
1461787524	403	117	3
1461787527	413	163	3
1461787530	423	164	3
1461787533	433	167	3
1461787536	435	165	3
1461787539	436	168	7
1461787542	443	243	7
1461787545	470	380	6
1461787548	497	514	6
1461787551	520	541	6
1461787554	525	547	6
1461787557	525	550	6
1461787560	529	558	6
1461787563	533	556	6
1461787566	536	560	6
1461787569	539	567	6
1461787572	530	266	7
1461787575	498	111	3
1461788607	369	0	1
1461788610	367	48	1
1461788613	365	35	2
1461788616	374	82	2
1461788619	381	91	3
1461788622	404	145	3
1461788625	416	143	3
1461788628	428	150	3
1461788631	434	153	3
1461788634	436	154	3
1461788637	437	159	3
1461788640	437	159	3
1461788643	437	161	3
1461788646	437	167	3
1461788649	437	164	3
1461788652	437	168	3
1461788655	437	167	3
1461788658	437	172	3
1461788661	437	170	3
1461788664	437	170	3
1461788667	437	172	3
1461788670	437	174	3
1461788673	437	172	3
1461788676	437	172	3
1461788679	437	173	3
1461788682	437	175	3
1461788685	437	175	3
1461788688	437	178	3
1461788691	436	117	3
1461788694	419	2	1
1461788853	368	0	1
1461788856	367	34	1
1461788859	364	58	2
1461788862	372	119	3
1461788865	386	185	3
1461788868	411	201	7
1461788871	433	313	4
1461788874	451	347	5
1461788877	473	448	5
1461788880	487	453	5
1461788883	502	492	6
1461788886	515	623	7
1461788889	532	726	7
1461788892	554	755	8
1461788895	570	836	8
1461788898	584	904	9
1461788901	600	1033	10
1461788904	617	1114	10
1461788907	642	1166	10
1461788910	657	1169	10
1461788913	668	1203	10
1461788916	669	1186	10
1461788919	670	1178	10
1461788922	671	1174	10
1461788925	672	1171	10
1461788928	671	1174	10
1461788931	672	1172	10
1461788934	672	1175	10
1461788937	671	1181	10
1461788940	672	1181	10
1461788943	672	1176	10
1461788946	672	1184	10
1461788949	671	1181	10
1461788952	671	1187	10
1461788955	671	1181	10
1461788958	672	1187	10
1461788961	671	1185	10
1461788964	672	1183	10
1461788967	671	1187	10
1461788970	671	1186	10
1461788973	671	1190	10
1461788976	671	1184	10
1461788979	672	1182	10
1461788982	672	1184	10
1461788985	672	1183	10
1461788988	672	1187	10
1461788991	671	1190	10
1461788994	671	1185	10
1461788997	672	1189	10
1461789000	672	1194	10
1461789003	672	1194	10
1461789006	672	1187	10
1461789009	672	1194	10
1461789012	672	1112	10
1461789015	658	901	9
1461789018	633	773	10
1461789021	596	523	6
1461789024	552	473	5
1461789027	523	448	5
1461789030	502	466	5
1461789033	501	461	5
1461789036	504	458	5
1461789039	506	454	5
1461789042	507	455	5
1461789045	508	455	5
1461789048	507	449	5
1461789051	507	451	5
1461789054	507	454	5
1461789057	507	452	5
1461789060	507	452	5
1461789063	507	454	5
1461789066	507	452	5
1461789069	507	454	5
1461789072	507	455	5
1461789075	507	451	5
1461789078	507	455	5
1461789081	507	457	5
1461789084	507	457	5
1461789087	507	454	5
1461789090	507	461	5
1461789093	507	463	5
1461789096	507	458	5
1461789099	507	480	6
1461789102	518	596	10
1461789105	538	726	8
1461789108	557	798	8
1461789111	576	904	9
1461789114	595	997	9
1461789117	609	1009	9
1461789120	623	1029	9
1461789123	625	1043	9
1461789126	627	1036	9
1461789129	630	1041	9
1461789132	631	1037	9
1461789135	631	1044	9
1461789138	631	1043	9
1461789141	631	1040	9
1461789144	631	1045	9
1461789147	631	1045	9
1461789150	631	1043	9
1461789153	631	1043	9
1461789156	631	1045	9
1461789159	631	1035	9
1461789162	631	1040	9
1461789165	631	1045	9
1461789168	631	1042	9
1461789171	631	1046	9
1461789174	630	1045	9
1461789177	630	1046	9
1461789180	630	1043	9
1461789183	630	1041	9
1461789186	631	1038	9
1461789189	631	1045	9
1461789192	630	1048	9
1461789195	630	1045	9
1461789198	630	1041	9
1461789201	631	1040	9
1461789204	630	1051	9
1461789207	629	1049	9
1461789210	629	1048	9
1461789213	630	1040	9
1461789216	630	1044	9
1461789219	630	1052	9
1461789222	630	1054	9
1461789225	630	1054	9
1461789228	631	1050	9
1461789231	631	1047	9
1461789234	631	1050	9
1461789237	631	1051	9
1461789240	631	1047	9
1461789243	624	768	10
1461789246	603	654	7
1461789249	576	621	6
1461789252	544	479	5
1461789255	521	474	5
1461789258	505	472	5
1461789261	491	121	7
1461789264	471	48	3
1461789267	434	0	1
1461789564	369	12	1
1461789567	363	41	1
1461789570	359	46	1
1461789573	357	50	2
1461789576	368	108	2
1461789579	380	110	2
1461789582	392	111	2
1461789585	395	113	2
1461789588	398	113	2
1461789591	400	115	2
1461789594	401	127	7
1461789597	419	245	4
1461789600	437	300	4
1461789603	456	296	4
1461789606	465	299	4
1461789609	465	304	4
1461789612	468	306	4
1461789615	470	298	4
1461789618	471	305	4
1461789621	471	303	4
1461789624	472	307	4
1461789627	471	307	7
1461789630	461	0	3
1461789744	368	0	1
1461789747	369	39	1
1461789750	363	43	1
1461789753	359	43	1
1461789756	355	46	1
1461789759	358	45	1
1461789762	360	46	1
1461789765	362	48	1
1461789768	364	48	1
1461789771	366	46	1
1461789774	367	46	1
1461789777	368	46	1
1461789780	368	48	1
1461789783	368	47	1
1461789786	368	47	1
1461789789	368	48	1
1461789792	368	47	1
1461789795	368	47	1
1461789798	368	47	1
1461789801	368	4	1
1461790281	369	0	1
1461790284	367	62	1
1461790287	365	23	2
1461790290	372	65	2
1461790293	379	80	2
1461790296	392	88	2
1461790299	399	89	2
1461790302	399	92	2
1461790305	400	97	2
1461790308	401	96	2
1461790311	401	99	2
1461790314	401	101	2
1461790317	401	103	2
1461790320	402	117	3
1461790323	412	174	3
1461790326	421	162	3
1461790329	431	166	3
1461790332	438	189	7
1461790335	448	287	4
1461790338	457	289	4
1461790341	466	292	4
1461790344	466	295	4
1461790347	468	297	4
1461790350	470	296	4
1461790353	471	297	4
1461790356	472	302	4
1461790359	472	298	4
1461790362	472	300	4
1461790365	472	305	5
1461790368	478	384	5
1461790371	486	431	5
1461790374	494	428	5
1461790377	501	436	5
1461790380	501	437	5
1461790383	504	441	5
1461790386	506	435	5
1461790389	507	441	5
1461790392	508	445	5
1461790395	508	445	5
1461790398	508	445	5
1461790401	507	446	5
1461790404	507	447	5
1461790407	507	451	5
1461790410	507	449	5
1461790413	508	452	5
1461790416	508	452	5
1461790419	508	453	5
1461790422	508	454	5
1461790425	508	454	5
1461790428	508	457	5
1461790431	508	455	5
1461790434	508	454	5
1461790437	508	461	5
1461790440	507	457	5
1461790443	507	459	5
1461790446	508	462	5
1461790449	508	464	5
1461790452	508	463	5
1461790455	508	463	5
1461790458	508	463	5
1461790461	508	463	5
1461790464	508	492	6
1461790467	516	589	6
1461790470	522	623	6
1461790473	529	609	6
1461790476	534	616	7
1461790479	543	678	7
1461790482	558	730	7
1461790485	567	738	7
1461790488	575	748	10
1461790491	578	828	8
1461790494	583	828	8
1461790497	587	848	10
1461790500	592	931	11
1461790503	606	1015	9
1461790506	617	1020	9
1461790509	628	1029	9
1461790512	629	1025	9
1461790515	632	1025	9
1461790518	633	1024	9
1461790521	632	1031	9
1461790524	632	1028	9
1461790527	631	1030	9
1461790530	631	1042	9
1461790533	631	1037	9
1461790536	631	1029	9
1461790539	632	1027	9
1461790542	632	1026	9
1461790545	631	1037	9
1461790548	631	1033	9
1461790551	631	1032	9
1461790554	631	1035	9
1461790557	631	1031	9
1461790560	631	1031	9
1461790563	631	1030	9
1461790566	631	1036	9
1461790569	631	1043	9
1461790572	631	1041	9
1461790575	631	1041	9
1461790578	631	1038	9
1461790581	631	1037	9
1461790584	631	1039	9
1461790587	631	1027	9
1461790590	631	1029	9
1461790593	631	1036	9
1461790596	631	1027	9
1461790599	631	1034	9
1461790602	631	1026	9
1461790605	631	1028	9
1461790608	631	1031	9
1461790611	631	1031	9
1461790614	631	1033	9
1461790617	631	1031	9
1461790620	631	1034	9
1461790623	631	1031	9
1461790626	631	1029	9
1461790629	631	1026	9
1461790632	631	1029	9
1461790635	631	1028	9
1461790638	631	1031	9
1461790641	631	1026	9
1461790644	630	1030	9
1461790647	630	1033	9
1461790650	631	1031	9
1461790653	631	1031	9
1461790656	631	1028	9
1461790659	631	1029	9
1461790662	631	1033	9
1461790665	631	1031	9
1461790668	632	1030	9
1461790671	631	1031	9
1461790674	631	1030	9
1461790677	631	1028	9
1461790680	631	1030	9
1461790683	631	1028	9
1461790686	631	1027	9
1461790689	631	1029	9
1461790692	631	1028	9
1461790695	631	1027	9
1461790698	631	1022	9
1461790701	631	1029	9
1461790704	631	1029	9
1461790707	631	1026	9
1461790710	631	1030	9
1461790713	631	1027	9
1461790716	631	1028	9
1461790719	631	1028	9
1461790722	631	1025	9
1461790725	631	1025	9
1461790728	631	1025	9
1461790731	631	1023	9
1461790734	631	1027	9
1461790737	631	1026	9
1461790740	631	1024	9
1461790743	631	1022	9
1461790746	632	1023	9
1461790749	631	1030	9
1461790752	631	1023	9
1461790755	631	1026	9
1461790758	631	1023	9
1461790761	631	1027	9
1461790764	631	1022	9
1461790767	631	1029	9
1461790770	631	1029	9
1461790773	631	1026	9
1461790776	631	1025	9
1461790779	631	1028	9
1461790782	631	1029	9
1461790785	630	1029	9
1461790788	630	1028	9
1461790791	630	1021	9
1461790794	630	1028	9
1461790797	630	1028	9
1461790800	630	1032	9
1461790803	630	1028	9
1461790806	630	1029	9
1461790809	631	1026	9
1461790812	631	1031	9
1461790815	631	1030	9
1461790818	630	1025	9
1461790821	631	1028	9
1461790824	630	1030	9
1461790827	631	1030	9
1461790830	631	1026	9
1461790833	631	1028	9
1461790836	631	1030	9
1461790839	631	1026	9
1461790842	631	1026	9
1461790845	631	1026	9
1461790848	631	1025	9
1461790851	631	1028	9
1461790854	631	1030	9
1461790857	631	1026	9
1461790860	631	1026	9
1461790863	631	1022	9
1461790866	631	1028	9
1461790869	630	1020	9
1461790872	630	1028	9
1461790875	630	1026	9
1461790878	630	1028	9
1461790881	631	1033	9
1461790884	631	1034	9
1461790887	631	1029	9
1461790890	631	1027	9
1461790893	631	1027	9
1461790896	631	1030	9
1461790899	631	1028	9
1461790902	631	1031	9
1461790905	631	1026	9
1461790908	631	1028	9
1461790911	631	1028	9
1461790914	631	1027	9
1461790917	631	1031	9
1461790920	631	1023	9
1461790923	631	1025	9
1461790926	631	1027	9
1461790929	631	1028	9
1461790932	631	1025	9
1461790935	631	1027	9
1461790938	631	1026	9
1461790941	631	1034	9
1461790944	631	1028	9
1461790947	631	1033	9
1461790950	631	1026	9
1461790953	631	1029	9
1461790956	631	1029	9
1461790959	631	1027	9
1461790962	631	1025	9
1461790965	631	1029	9
1461790968	631	1025	9
1461790971	631	1027	9
1461790974	631	1031	9
1461790977	631	1024	9
1461790980	631	1026	9
1461790983	631	1028	9
1461790986	631	1030	9
1461790989	631	1031	9
1461790992	631	1026	9
1461790995	631	1032	9
1461790998	631	1024	9
1461791001	631	1030	9
1461791004	631	1024	9
1461791007	631	1025	9
1461791010	631	1033	9
1461791013	631	1026	9
1461791016	631	1027	9
1461791019	631	1033	9
1461791022	631	1027	9
1461791025	631	1024	9
1461791028	631	1021	9
1461791031	631	1021	9
1461791034	631	1030	9
1461791037	631	1025	9
1461791040	631	1033	9
1461791043	631	1024	9
1461791046	631	1029	9
1461791049	631	1030	9
1461791052	631	1031	9
1461791055	631	1034	9
1461791058	631	1027	9
1461791061	631	1028	9
1461791064	631	1028	9
1461791067	631	1024	9
1461791070	631	1027	9
1461791073	631	1029	9
1461791076	631	1031	9
1461791079	631	1026	9
1461791082	631	1029	9
1461791085	631	1031	9
1461791088	631	1026	9
1461791091	631	1029	9
1461791094	631	1028	9
1461791097	631	1027	9
1461791100	631	1026	9
1461791103	632	1026	9
1461791106	632	1025	9
1461791109	631	1026	9
1461791112	631	1023	9
1461791115	631	1029	9
1461791118	631	1027	9
1461791121	631	1032	9
1461791124	631	1028	9
1461791127	631	1027	9
1461791130	631	1032	9
1461791133	631	1028	9
1461791136	631	1028	9
1461791139	631	1029	9
1461791142	631	1024	9
1461791145	631	1027	9
1461791148	631	1025	9
1461791151	631	1032	9
1461791154	631	1025	9
1461791157	631	1027	9
1461791160	631	1026	9
1461791163	631	1026	9
1461791166	631	1031	9
1461791169	631	1030	9
1461791172	631	1034	9
1461791175	621	855	8
1461791178	606	753	10
1461791181	590	580	7
1461791184	561	501	6
1461791187	540	458	5
1461791190	517	305	5
1461791193	494	328	4
1461791196	477	323	4
1461791199	464	326	4
1461791202	460	324	4
1461791205	462	324	4
1461791208	465	318	4
1461791211	467	324	4
1461791214	469	320	4
1461791217	471	318	4
1461791220	471	320	4
1461791223	471	332	4
1461791226	474	354	5
1461791229	482	468	6
1461791232	497	545	6
1461791235	515	596	6
1461791238	525	600	6
1461791241	535	602	6
1461791244	534	601	6
1461791247	538	599	6
1461791250	540	600	6
1461791253	541	598	6
1461791256	541	598	6
1461791259	541	599	6
1461791262	541	597	6
1461791265	541	601	6
1461791268	540	412	6
1461791271	523	313	5
1461791274	501	230	7
1461791277	468	196	3
1461791280	441	136	2
1461791283	414	56	1
1461791286	389	61	1
1461791307	366	0	1
1461791310	366	51	1
1461791313	368	74	2
1461791316	376	112	2
1461791319	384	115	2
1461791322	397	117	2
1461791325	397	119	2
1461791328	399	120	2
1461791331	401	119	2
1461791334	401	119	2
1461791337	401	117	2
1461791340	401	117	2
1461791343	401	117	2
1461791346	401	118	2
1461791349	401	114	2
1461791352	401	115	2
1461791355	400	115	2
1461791358	401	115	2
1461791361	401	113	2
1461791364	401	120	3
1461791367	410	177	3
1461791370	419	172	3
1461791373	429	172	3
1461791376	434	172	7
1461791379	440	235	5
1461791382	459	384	6
1461791385	486	519	6
1461791388	509	546	6
1461791391	523	550	6
1461791394	527	555	6
1461791397	534	559	6
1461791400	538	370	6
1461791403	521	280	4
1461791406	496	95	7
1461791409	448	44	3
1461791412	405	0	1
1461791463	368	0	1
1461791466	368	45	1
1461791469	362	40	1
1461791472	358	40	1
1461791475	353	40	1
1461791478	355	41	1
1461791481	359	42	1
1461791484	361	44	1
1461791487	364	42	1
1461791490	366	42	1
1461791493	367	41	1
1461791496	368	42	1
1461791499	368	42	1
1461791502	368	40	1
1461791505	368	45	3
1461791508	382	124	3
1461791511	400	153	3
1461791514	419	150	3
1461791517	432	148	3
1461791520	433	157	3
1461791523	435	141	3
1461791526	423	100	2
1461791529	408	58	2
1461791532	387	11	1
1461792450	368	0	1
1461792453	366	53	1
1461792456	363	28	2
1461792459	371	78	2
1461792462	379	83	2
1461792465	393	86	2
1461792468	397	90	2
1461792471	399	90	2
1461792474	400	96	2
1461792477	401	95	2
1461792480	401	97	2
1461792483	400	99	2
1461792486	401	101	2
1461792489	401	100	2
1461792492	401	102	2
1461792495	401	100	2
1461792498	401	102	2
1461792501	405	140	3
1461792504	415	159	3
1461792507	425	160	3
1461792510	434	157	3
1461792513	435	159	3
1461792516	436	162	3
1461792519	439	183	4
1461792522	448	280	4
1461792525	456	285	4
1461792528	465	284	4
1461792531	465	307	5
1461792534	476	393	5
1461792537	485	409	5
1461792540	494	412	5
1461792543	499	415	5
1461792546	501	420	5
1461792549	504	419	5
1461792552	506	424	5
1461792555	507	429	5
1461792558	507	430	5
1461792561	507	431	5
1461792564	507	430	5
1461792567	507	430	5
1461792570	507	432	5
1461792573	507	429	5
1461792576	507	432	5
1461792579	507	438	5
1461792582	507	434	5
1461792585	507	439	5
1461792588	507	436	5
1461792591	507	439	5
1461792594	507	439	5
1461792597	507	438	5
1461792600	507	435	5
1461792603	507	442	5
1461792606	507	442	5
1461792609	507	439	5
1461792612	507	442	5
1461792615	507	442	5
1461792618	507	444	5
1461792621	507	442	5
1461792624	507	439	5
1461792627	507	445	5
1461792630	507	444	5
1461792633	507	441	5
1461792636	507	443	5
1461792639	507	444	5
1461792642	508	464	6
1461792645	517	576	6
1461792648	523	582	6
1461792651	530	583	6
1461792654	531	610	7
1461792657	544	701	7
1461792660	557	719	7
1461792663	569	723	7
1461792666	576	725	7
1461792669	577	724	7
1461792672	579	740	10
1461792675	582	805	8
1461792678	583	814	8
1461792681	586	825	8
1461792684	588	833	8
1461792687	590	839	8
1461792690	591	841	8
1461792693	592	881	9
1461792696	600	965	9
1461792699	610	1003	9
1461792702	620	1016	9
1461792705	627	1016	9
1461792708	629	1019	9
1461792711	631	1015	9
1461792714	631	1021	9
1461792717	631	1023	9
1461792720	631	1021	9
1461792723	631	1024	9
1461792726	631	1022	9
1461792729	631	1024	9
1461792732	631	1033	9
1461792735	630	1037	9
1461792738	630	1028	9
1461792741	631	1025	9
1461792744	631	1032	9
1461792747	631	1027	9
1461792750	631	1092	11
1461792753	646	1163	11
1461792756	669	1296	11
1461792759	689	1305	11
1461792762	703	1324	11
1461792765	701	1331	11
1461792768	705	1328	11
1461792771	708	1327	11
1461792774	710	1325	11
1461792777	712	1334	11
1461792780	711	1333	11
1461792783	711	1330	11
1461792786	711	1551	11
1461792789	709	1355	11
1461792792	709	1334	11
1461792795	709	1319	11
1461792798	711	1315	11
1461792801	711	1316	11
1461792804	712	1324	11
1461792807	712	1318	11
1461792810	712	1318	11
1461792813	712	1320	11
1461792816	712	1318	11
1461792819	711	1317	11
1461792822	711	1321	11
1461792825	711	1316	11
1461792828	711	1325	11
1461792831	711	1327	11
1461792834	710	1328	11
1461792837	710	1328	11
1461792840	710	1322	11
1461792843	711	1323	11
1461792846	711	1329	11
1461792849	711	1324	11
1461792852	711	1323	11
1461792855	711	1324	11
1461792858	711	1329	11
1461792861	711	1323	11
1461792864	711	1331	11
1461792867	711	1332	11
1461792870	711	1330	11
1461792873	711	1329	11
1461792876	711	1335	11
1461792879	711	1331	11
1461792882	712	1323	11
1461792885	712	1330	11
1461792888	712	1329	11
1461792891	711	1332	11
1461792894	711	1324	11
1461792897	711	1323	11
1461792900	711	1331	11
1461792903	711	1327	11
1461792906	711	1327	11
1461792909	711	1336	11
1461792912	711	1335	11
1461792915	711	1332	11
1461792918	711	1335	11
1461792921	711	1329	11
1461792924	711	1331	11
1461792927	711	1336	11
1461792930	710	1335	11
1461792933	710	1335	11
1461792936	711	1331	11
1461792939	711	1331	11
1461792942	711	1337	11
1461792945	711	1332	11
1461792948	711	1341	11
1461792951	711	1331	11
1461792954	711	1338	11
1461792957	711	1329	11
1461792960	711	1328	11
1461792963	711	1333	11
1461792966	711	1337	11
1461792969	711	1338	11
1461792972	711	1337	11
1461792975	711	1334	11
1461792978	711	1346	11
1461792981	711	1337	11
1461792984	711	1333	11
1461792987	706	1176	11
1461792990	686	1030	10
1461792993	660	1022	9
1461792996	627	857	8
1461792999	604	766	10
1461793002	583	607	7
1461793005	554	478	6
1461793008	530	335	5
1461793011	496	172	7
1461793014	468	176	3
1461793017	437	35	2
1461793020	400	0	1
1461793995	369	6	1
1461793998	363	47	2
1461794001	368	101	2
1461794004	375	116	2
1461794007	389	135	3
1461794010	409	189	3
1461794013	419	195	7
1461794016	438	264	4
1461794019	448	322	4
1461794022	458	326	4
1461794025	465	326	4
1461794028	465	326	4
1461794031	467	328	4
1461794034	469	327	4
1461794037	470	328	4
1461794040	471	329	4
1461794043	471	329	4
1461794046	471	333	4
1461794049	471	333	4
1461794052	471	334	4
1461794055	471	332	4
1461794058	471	333	4
1461794061	471	334	4
1461794064	471	334	4
1461794067	471	335	4
1461794070	471	335	4
1461794073	471	335	4
1461794076	471	337	4
1461794079	471	336	4
1461794082	471	337	4
1461794085	471	334	4
1461794088	471	336	4
1461794091	471	336	4
1461794094	471	335	4
1461794097	471	340	4
1461794100	471	339	4
1461794103	471	343	5
1461794106	477	413	5
1461794109	486	466	5
1461794112	494	466	5
1461794115	500	475	6
1461794118	505	542	6
1461794121	516	641	6
1461794124	523	613	6
1461794127	534	603	6
1461794130	535	598	6
1461794133	541	598	6
1461794136	542	597	6
1461794139	541	597	6
1461794142	541	599	6
1461794145	541	595	6
1461794148	541	593	6
1461794151	541	616	7
1461794154	549	694	7
1461794157	558	729	7
1461794160	567	738	7
1461794163	574	738	7
1461794166	574	736	7
1461794169	577	746	7
1461794172	579	738	7
1461794175	580	736	7
1461794178	581	733	7
1461794181	581	754	10
1461794184	584	821	8
1461794187	585	826	9
1461794190	592	921	9
1461794193	604	1011	9
1461794196	616	1012	9
1461794199	627	1021	9
1461794202	629	1019	9
1461794205	631	1014	9
1461794208	632	1016	9
1461794211	631	1020	9
1461794214	631	1021	9
1461794217	631	1015	9
1461794220	631	1020	9
1461794223	631	1014	9
1461794226	631	1020	9
1461794229	631	1017	9
1461794232	631	1015	9
1461794235	631	1025	9
1461794238	631	1026	9
1461794241	631	1023	9
1461794244	631	1022	9
1461794247	631	1018	9
1461794250	631	1026	9
1461794253	631	1022	9
1461794256	631	1022	9
1461794259	631	1024	9
1461794262	631	1021	9
1461794265	631	1025	9
1461794268	631	1024	9
1461794271	631	1025	9
1461794274	631	1025	9
1461794277	631	1019	9
1461794280	631	1023	9
1461794283	631	1028	9
1461794286	631	1028	9
1461794289	631	1026	9
1461794292	631	1025	9
1461794295	631	1028	9
1461794298	625	910	9
1461794301	624	998	9
1461794304	618	991	9
1461794307	616	1002	9
1461794310	617	1004	9
1461794313	619	1017	9
1461794316	622	1029	9
1461794319	625	1037	9
1461794322	628	1033	9
1461794325	630	1029	9
1461794328	631	1032	9
1461794331	631	1032	9
1461794334	629	857	9
1461794337	612	807	10
1461794340	597	758	7
1461794343	581	753	7
1461794346	574	604	7
1461794349	555	608	6
1461794352	541	474	6
1461794355	517	466	5
1461794358	509	459	5
1461794361	499	458	5
1461794364	498	459	5
1461794367	501	455	5
1461794370	503	456	5
1461794373	506	451	5
1461794376	507	453	5
1461794379	508	452	5
1461794382	508	446	5
1461794385	508	445	5
1461794388	508	448	5
1461794391	508	445	5
1461794394	508	446	5
1461794397	508	446	5
1461794400	508	448	5
1461794403	508	447	5
1461794406	508	444	7
1461794409	499	173	7
1461794412	483	326	4
1461794415	467	368	4
1461794418	454	329	4
1461794421	457	326	4
1461794424	460	329	4
1461794427	464	324	4
1461794430	466	327	4
1461794433	469	323	4
1461794436	471	320	4
1461794439	474	378	6
1461794442	492	503	6
1461794445	508	581	6
1461794448	524	585	6
1461794451	527	587	6
1461794454	528	588	6
1461794457	532	588	6
1461794460	536	590	6
1461794463	538	590	6
1461794466	540	588	6
1461794469	541	587	6
1461794472	541	588	6
1461794475	538	404	6
1461794478	514	134	7
1461794481	479	169	3
1461794484	436	54	2
1461794487	401	0	1
1461794685	367	0	1
1461794688	366	38	1
1461794691	361	33	2
1461794694	367	85	2
1461794697	374	84	2
1461794700	384	31	2
1461794703	378	37	1
1461794706	369	39	1
1461794709	360	40	1
1461794712	362	0	13
1461795420	368	2	1
1461795423	366	24	1
1461795426	362	32	1
1461795429	359	35	1
1461795432	357	36	1
1461795435	360	37	1
1461795438	363	0	1
1461795999	368	0	1
1461796002	369	12	2
1461796005	374	69	3
1461796008	392	166	3
1461796011	408	195	3
1461796014	423	204	3
1461796017	427	211	3
1461796020	429	213	3
1461796023	431	213	3
1461796026	428	78	3
1461796029	417	83	2
1461796032	406	82	2
1461796035	397	81	2
1461796038	398	80	2
1461796041	400	80	2
1461796044	401	79	2
1461796047	402	79	2
1461796050	402	79	2
1461796053	402	80	2
1461796056	402	80	2
1461796059	402	80	2
1461796062	401	80	2
1461796065	401	80	2
1461796068	402	80	2
1461796071	402	80	2
1461796074	402	80	2
1461796077	402	80	2
1461796080	402	81	2
1461796083	402	81	2
1461796086	402	81	2
1461796089	401	82	2
1461796092	401	82	2
1461796095	401	83	2
1461796098	401	83	2
1461796101	402	84	2
1461796104	402	84	2
1461796107	402	85	2
1461796110	401	84	2
1461796113	401	85	2
1461796116	401	85	2
1461796119	402	85	2
1461796122	402	86	2
1461796125	402	86	2
1461796128	402	86	2
1461796131	401	87	2
1461796134	401	87	2
1461796137	401	87	2
1461796140	402	87	2
1461796143	402	88	2
1461796146	402	88	2
1461796149	402	88	2
1461796152	402	88	2
1461796155	402	100	3
1461796158	411	189	3
1461796161	419	208	3
1461796164	428	210	3
1461796167	432	208	3
1461796170	433	209	3
1461796173	434	209	3
1461796176	435	211	3
1461796179	436	211	3
1461796182	436	210	3
1461796185	436	209	3
1461796188	436	209	3
1461796191	436	211	3
1461796194	436	211	3
1461796197	436	211	3
1461796200	436	211	3
1461796203	430	41	2
1461796206	408	0	1
1461798459	368	0	1
1461798462	369	36	1
1461798465	365	24	1
1461798468	365	39	3
1461798471	378	123	3
1461798474	398	135	3
1461798477	419	142	3
1461798480	429	147	3
1461798483	431	162	7
1461798486	443	257	4
1461798489	452	270	4
1461798492	462	272	4
1461798495	464	281	4
1461798498	466	297	5
1461798501	476	385	5
1461798504	485	401	5
1461798507	494	408	5
1461798510	500	411	5
1461798513	501	409	5
1461798516	503	410	5
1461798519	505	418	5
1461798522	507	421	5
1461798525	507	421	5
1461798528	507	426	5
1461798531	507	430	5
1461798534	507	428	5
1461798537	507	428	5
1461798540	507	430	5
1461798543	507	433	5
1461798546	508	435	5
1461798549	508	436	5
1461798552	508	437	5
1461798555	508	434	5
1461798558	508	441	5
1461798561	508	442	5
1461798564	508	442	5
1461798567	508	443	5
1461798570	508	442	5
1461798573	508	445	5
1461798576	504	162	7
1461798579	489	279	4
1461798582	473	316	4
1461798585	459	317	4
1461798588	458	317	4
1461798591	459	316	4
1461798594	462	319	4
1461798597	464	319	4
1461798600	467	320	4
1461798603	468	319	4
1461798606	470	318	4
1461798609	471	318	4
1461798612	472	338	6
1461798615	487	446	6
1461798618	504	575	6
1461798621	519	581	6
1461798624	528	583	6
1461798627	528	588	6
1461798630	533	588	6
1461798633	537	585	6
1461798636	540	583	6
1461798639	541	589	6
1461798642	542	591	6
1461798645	542	591	6
1461798648	542	590	6
1461798651	542	593	6
1461798654	542	595	6
1461798657	542	592	6
1461798660	542	594	6
1461798663	538	458	6
1461798666	522	454	5
1461798669	507	456	5
1461798672	493	457	5
1461798675	494	458	5
1461798678	496	458	5
1461798681	499	461	5
1461798684	502	460	5
1461798687	504	460	5
1461798690	506	458	5
1461798693	507	457	5
1461798696	508	457	5
1461798699	508	455	5
1461798702	507	460	5
1461798705	507	459	5
1461798708	507	459	5
1461798711	508	462	5
1461798714	508	461	5
1461798717	507	460	5
1461798720	507	460	5
1461798723	508	460	5
1461798726	508	463	5
1461798729	507	298	7
1461798732	490	208	3
1461798735	458	0	1
1461799008	368	0	1
1461799011	369	46	1
1461799299	369	51	1
1461799302	365	10	1
1461799314	364	16	1
1461799317	363	27	1
1461799320	363	24	1
1461799323	363	26	1
1461799326	364	34	1
1461799437	368	1	1
1461799440	365	33	1
1461799443	363	26	1
1461799446	362	31	1
1461799449	364	35	1
1461799467	369	19	1
1461799470	366	24	1
1461799473	364	33	1
1461799476	363	35	1
1461799479	364	39	1
1461799482	366	46	3
1461799485	383	133	3
1461799488	401	156	3
1461799491	421	164	3
1461799494	432	170	3
1461799497	434	190	7
1461799500	453	331	5
1461799503	472	421	5
1461799506	488	191	7
1461799509	477	193	3
1461799512	455	191	3
1461799515	437	111	3
1461799518	415	133	2
1461799521	407	132	2
1461799524	397	131	2
1461799527	395	130	2
1461799530	397	131	2
1461799533	398	130	2
1461799536	399	128	2
1461799539	400	130	2
1461799542	400	128	2
1461799545	401	127	2
1461799548	401	127	2
1461799551	401	126	2
1461799554	401	128	2
1461799557	401	126	2
1461799560	400	127	2
1461799563	400	0	13
1461799998	369	0	1
1461800001	369	0	1
1461800004	369	1	1
1461800007	367	24	1
1461800010	365	34	1
1461800013	363	0	1
1461800034	369	0	1
1461800037	367	25	2
1461800040	375	83	2
1461800043	382	94	2
1461800046	391	103	2
1461800049	396	109	2
1461800052	398	113	2
1461800055	399	116	2
1461800058	400	117	2
1461800061	394	0	13
1461800103	368	0	1
1461800106	369	17	1
1461800109	362	37	1
1461800112	358	39	1
1461800115	352	42	1
1461800118	355	43	1
1461800121	357	44	1
1461800124	360	51	3
1461800127	377	134	3
1461800130	396	200	3
1461800133	415	204	3
1461800136	426	206	3
1461800139	427	123	3
1461800142	414	0	1
1461800541	368	0	1
1461800544	367	28	1
1461800547	362	0	1
1461800661	369	37	1
1461800664	365	0	1
