1456677624	368	0	1
1456677627	372	0	1
1456679133	369	0	1
1456679136	372	34	1
1456679424	370	19	1
1456679427	371	25	1
1456679430	366	26	1
1456679433	361	30	1
1456679436	354	34	1
1456679439	358	36	1
1456679442	363	35	1
1456679445	368	37	1
1456679448	367	36	1
1456679451	363	38	1
1456679454	359	37	1
1456679457	359	39	1
1456679460	364	41	1
1456679463	369	39	1
1456679466	369	40	1
1456679469	366	39	1
1456679472	363	42	1
1456679475	363	41	1
1456679478	366	41	1
1456679481	369	40	1
1456679484	369	40	1
1456679487	371	72	3
1456679490	391	96	2
1456679493	406	97	2
1456679496	422	113	3
1456679499	424	155	3
1456679502	428	157	3
1456679505	437	103	2
1456679508	436	102	2
1456679511	432	104	2
1456679514	426	104	2
1456679517	424	107	2
1456679520	427	106	2
1456679523	432	106	2
1456679526	433	108	2
1456679529	434	108	3
1456679532	435	153	3
1456679535	439	163	3
1456679538	443	164	3
1456679541	447	163	3
1456679544	449	198	5
1456679547	450	272	4
1456679550	449	281	4
1456679553	451	287	4
1456679556	452	302	5
1456679559	462	389	5
1456679562	468	404	5
1456679565	474	410	5
1456679568	477	408	5
1456679571	480	411	5
1456679574	483	416	5
1456679577	484	414	5
1456679580	484	415	5
1456679583	485	415	5
1456679586	485	416	5
1456679589	485	417	5
1456679592	485	416	5
1456679595	485	417	5
1456679598	485	418	5
1456679601	485	421	5
1456679604	484	421	5
1456679607	484	421	5
1456679610	484	423	5
1456679613	484	422	5
1456679616	484	427	5
1456679619	484	427	5
1456679622	484	427	5
1456679625	484	428	5
1456679628	485	432	5
1456679631	484	436	5
1456679634	480	182	5
1456679637	463	193	3
1456679640	446	192	3
1456679643	433	195	3
1456679646	433	36	3
1456679799	370	0	1
1456679802	372	7	1
1456679805	377	32	1
1456679808	377	34	1
1456679811	374	37	1
1456679814	366	57	3
1456679817	385	96	2
1456679820	404	95	2
1456679823	422	112	3
1456679826	427	198	3
1456679829	425	201	5
1456679832	432	242	4
1456679835	436	301	4
1456679838	440	310	4
1456679841	444	324	4
1456679844	447	336	4
1456679847	453	374	5
1456679850	464	449	5
1456679853	471	455	5
1456679856	477	490	5
1456679859	478	498	6
1456679862	490	573	6
1456679865	505	597	6
1456679868	517	605	6
1456679871	525	627	7
1456679874	533	721	7
1456679877	541	725	7
1456679880	549	744	7
1456679883	552	745	7
1456679886	554	740	7
1456679889	556	742	8
1456679892	560	826	8
1456679895	570	865	8
1456679898	583	872	8
1456679901	595	896	9
1456679904	603	975	9
1456679907	611	1007	9
1456679910	619	1027	9
1456679913	626	1032	9
1456679916	627	1032	10
1456679919	633	1121	10
1456679922	643	1143	10
1456679925	653	1155	10
1456679928	662	1175	11
1456679946	694	1372	13
1456679949	705	1437	12
1456679952	716	1451	12
1456679955	729	1518	13
1456679958	741	1580	13
1456679961	750	1587	13
1456679964	760	1588	13
1456679967	763	1593	13
1456679970	764	1599	13
1456679973	764	1595	13
1456679976	764	1601	13
1456679979	764	1597	13
1456679982	764	1595	13
1456679985	764	1607	13
1456679988	764	1596	13
1456679991	764	1599	13
1456679994	763	1601	13
1456679997	763	1604	13
1456680000	762	1593	13
1456680003	762	1591	13
1456680006	761	1637	13
1456680009	759	1609	13
1456680012	760	1597	13
1456680015	761	1595	13
1456680018	764	1605	13
1456680021	765	1607	13
1456680024	765	1603	13
1456680027	766	1615	13
1456680030	766	1603	13
1456680033	766	1596	13
1456680036	766	1597	13
1456680039	766	1606	13
1456680042	766	1610	13
1456680045	766	1599	13
1456680048	766	1607	13
1456680051	766	1595	13
1456680054	766	1592	13
1456680057	764	1595	13
1456680060	763	1591	13
1456680063	762	1580	13
1456680066	762	1582	13
1456680069	763	1598	13
1456680072	763	1588	13
1456680075	765	1596	13
1456680078	765	1588	13
1456680081	765	1596	13
1456680084	765	1596	13
1456680087	765	1594	13
1456680090	765	1578	13
1456680093	765	1577	13
1456680096	764	1588	13
1456680099	764	1572	13
1456680102	764	1571	13
1456680105	764	1580	13
1456680108	764	1571	13
1456680111	763	1578	13
1456680114	763	1575	13
1456680117	763	1582	13
1456680120	764	1581	13
1456680123	764	1577	13
1456680126	764	1582	13
1456680129	763	1583	13
1456680132	763	1584	13
1456680135	764	1574	13
1456680138	748	1277	11
1456680141	711	1056	9
1456680144	659	447	7
1456680147	575	176	5
1456680216	369	0	1
1456680219	372	5	1
1456680222	377	28	1
1456680225	377	42	2
1456680228	397	82	2
1456680231	411	82	2
1456680234	426	109	3
1456680237	430	199	3
1456680240	425	227	4
1456680243	428	276	4
1456680246	430	297	4
1456680249	438	364	5
1456680252	451	460	5
1456680255	460	457	5
1456680258	471	511	7
1456680261	487	588	6
1456680264	504	615	7
1456680267	526	712	7
1456680270	538	739	7
1456680273	546	785	8
1456680276	563	868	8
1456680279	579	874	8
1456680282	592	872	8
1456680285	599	875	8
1456680288	600	930	9
1456680291	607	1004	9
1456680294	615	1049	10
1456680297	629	1128	10
1456680300	643	1153	10
1456680303	656	1156	10
1456680306	664	1174	11
1456680312	677	1285	11
1456680315	685	1297	11
1456680318	693	1295	11
1456680327	696	1385	13
1456680330	706	1454	12
1456680333	716	1485	12
1456680336	728	1483	12
1456680339	733	1475	12
1456680342	734	1474	13
1456680345	741	1561	13
1456680348	748	1580	13
1456680351	756	1592	13
1456680354	764	1590	13
1456680357	765	1595	13
1456680360	765	1591	13
1456680363	765	1592	13
1456680366	765	1599	13
1456680369	765	1600	13
1456680372	765	1598	13
1456680375	766	1597	13
1456680378	766	1602	13
1456680381	766	1605	13
1456680384	766	1605	13
1456680387	765	1603	13
1456680390	765	1604	13
1456680393	765	1606	13
1456680396	765	1606	13
1456680399	766	1607	13
1456680402	766	1610	13
1456680405	766	1607	13
1456680408	765	1608	13
1456680411	765	1609	13
1456680414	764	1608	13
1456680417	764	1608	13
1456680420	763	1615	13
1456680423	763	1612	13
1456680426	763	1617	13
1456680429	763	1614	13
1456680432	763	1616	13
1456680435	763	1612	13
1456680438	763	1618	13
1456680441	764	1630	13
1456680444	764	1621	13
1456680447	764	1617	13
1456680450	764	1626	13
1456680453	763	1619	13
1456680456	764	1619	13
1456680459	764	1620	13
1456680462	763	1623	13
1456680465	764	1625	13
1456680468	764	1624	13
1456680471	764	1616	13
1456680474	763	1631	13
1456680477	764	1621	13
1456680480	764	1622	13
1456680483	764	1635	13
1456680486	765	1627	13
1456680489	764	1625	13
1456680492	764	1624	13
1456680495	763	1629	13
1456680498	763	1625	13
1456680501	764	1627	13
1456680504	764	1618	13
1456680507	764	1610	13
1456680510	764	1608	13
1456680513	765	1602	13
1456680516	765	1587	13
1456680519	765	1581	13
1456680522	764	1572	13
1456680525	764	1553	13
1456680528	751	1188	11
1456680531	725	1204	11
1456680534	702	1207	11
1456680537	673	874	9
1456680540	652	924	9
1456680543	632	939	9
1456680546	616	940	9
1456680549	623	934	9
1456680552	626	929	9
1456680555	628	924	9
1456680558	628	867	9
1456680561	614	631	7
1456680564	586	674	7
1456680567	562	684	7
1456680570	545	433	7
1456680573	531	156	5
1456680576	497	0	3
1456683168	369	0	1
1456683171	373	28	1
1456683174	368	26	1
1456683177	363	30	1
1456683180	357	30	1
1456683183	360	35	1
1456683186	365	36	1
1456683189	367	37	1
1456683192	365	36	1
1456683195	362	38	1
1456683198	362	42	1
1456683201	365	40	1
1456683204	369	39	1
1456683207	370	40	3
1456683210	384	99	2
1456683213	400	91	2
1456683216	413	94	2
1456683219	420	104	3
1456683222	419	152	3
1456683225	426	153	3
1456683228	436	157	3
1456683231	442	157	3
1456683234	447	194	5
1456683237	447	254	4
1456683240	446	266	4
1456683243	447	278	4
1456683246	450	280	4
1456683249	455	280	4
1456683252	456	288	5
1456683255	462	365	5
1456683258	468	393	5
1456683261	474	394	5
1456683264	480	403	5
1456683267	482	400	5
1456683270	484	407	5
1456683273	485	405	5
1456683276	485	404	5
1456683279	485	402	5
1456683282	485	407	5
1456683285	486	449	7
1456683288	497	539	6
1456683291	506	539	6
1456683294	517	549	6
1456683297	522	550	6
1456683300	526	561	7
1456683303	531	639	7
1456683306	536	656	7
1456683309	539	672	7
1456683312	545	697	7
1456683315	549	693	7
1456683318	554	692	7
1456683321	556	695	7
1456683324	556	736	8
1456683327	563	810	8
1456683330	577	821	8
1456683333	592	878	9
1456683336	606	951	9
1456683339	613	968	9
1456683342	622	980	9
1456683345	626	1025	10
1456683348	638	1087	10
1456683351	649	1145	11
1456683372	697	1325	13
1456683375	707	1392	12
1456683378	717	1409	12
1456683381	729	1428	13
1456683384	737	1527	13
1456683387	747	1551	13
1456683390	756	1557	13
1456683393	763	1556	13
1456683396	764	1570	13
1456683399	765	1572	13
1456683402	765	1561	13
1456683405	764	1564	13
1456683408	764	1568	13
1456683411	763	1571	13
1456683414	764	1575	13
1456683417	765	1569	13
1456683420	765	1575	13
1456683423	765	1578	13
1456683426	764	1588	13
1456683429	765	1582	13
1456683432	765	1584	13
1456683435	765	1587	13
1456683438	765	1592	13
1456683441	764	1589	13
1456683444	764	1594	13
1456683447	765	1590	13
1456683450	765	1591	13
1456683453	765	1599	13
1456683456	765	1592	13
1456683459	764	1595	13
1456683462	764	1590	13
1456683465	763	1597	13
1456683468	763	1597	13
1456683471	763	1605	13
1456683474	763	1600	13
1456683477	763	1603	13
1456683480	764	1601	13
1456683483	764	1597	13
1456683486	763	1602	13
1456683489	763	1605	13
1456683492	763	1610	13
1456683495	764	1607	13
1456683498	764	1603	13
1456683501	765	1606	13
1456683504	765	1611	13
1456683507	765	1608	13
1456683510	765	1594	13
1456683513	764	1594	13
1456683516	764	1600	13
1456683519	764	1603	13
1456683522	763	1599	13
1456683525	764	1595	13
1456683528	763	1591	13
1456683531	763	1591	13
1456683534	763	1575	13
1456683537	763	1575	13
1456683540	762	1572	13
1456683543	762	1581	13
1456683546	762	1574	13
1456683549	762	1575	13
1456683552	762	1575	13
1456683555	763	1576	13
1456683558	764	1572	13
1456683561	764	1571	13
1456683564	764	1564	13
1456683567	764	1559	13
1456683570	764	1562	13
1456683573	763	1570	13
1456683576	764	1568	13
1456683579	765	1557	13
1456683582	764	1552	13
1456683585	763	1554	13
1456683588	763	1553	13
1456683591	763	1556	13
1456683594	764	1555	13
1456683597	764	1551	13
1456683600	764	1552	13
1456683603	764	1557	13
1456683606	763	1549	13
1456683609	763	1555	13
1456683612	762	1553	13
1456683615	762	1552	13
1456683618	763	1553	13
1456683621	763	1545	13
1456683624	762	1551	13
1456683627	762	1556	13
1456683630	762	1562	13
1456683633	762	1555	13
1456683636	762	1557	13
1456683639	763	1565	13
1456683642	762	1557	13
1456683645	761	1559	13
1456683648	761	1563	13
1456683651	761	1570	13
1456683654	761	1569	13
1456683657	762	1570	13
1456683660	762	1567	13
1456683663	763	1579	13
1456683666	763	1538	13
1456683669	762	1595	13
1456683672	762	1588	13
1456683675	763	1589	13
1456683678	764	1585	13
1456683681	765	1581	13
1456683684	765	1580	13
1456683687	764	1573	13
1456683690	763	1575	13
1456683693	762	1577	13
1456683696	760	1388	13
1456683699	741	1263	11
1456683702	719	1355	11
1456683705	698	1318	11
1456683708	689	1312	11
1456683711	692	1297	11
1456683714	694	1293	11
1456683717	694	974	11
1456683720	672	992	9
1456683723	652	1028	9
1456683726	631	1021	9
1456683729	624	1030	9
1456683732	628	1030	9
1456683735	628	1037	9
1456683738	628	1039	9
1456683741	629	1035	9
1456683744	628	1036	9
1456683747	628	1031	9
1456683750	627	1036	9
1456683753	627	1037	9
1456683756	627	1049	9
1456683759	627	1036	9
1456683762	628	1046	9
1456683765	628	1046	9
1456683768	628	1050	9
1456683771	628	1046	9
1456683774	628	1043	9
1456683777	628	1046	9
1456683780	628	1048	9
1456683783	628	1049	9
1456683786	628	1044	9
1456683789	628	1049	9
1456683792	628	1051	9
1456683795	628	1052	9
1456683798	629	1050	9
1456683801	629	1050	9
1456683804	628	1052	9
1456683807	628	1052	9
1456683810	628	1051	9
1456683813	629	1052	9
1456683816	629	1049	9
1456683819	628	1048	9
1456683822	629	1185	11
1456683843	691	1302	11
1456683846	693	1311	11
1456683849	694	1168	11
1456683852	675	572	9
1456683855	617	80	5
1456683930	369	0	1
1456683933	374	17	1
1456683936	379	26	1
1456683939	381	29	3
1456683942	388	74	2
1456683945	405	76	2
1456683948	423	78	2
1456683951	438	80	2
1456683954	434	105	3
1456683957	432	198	3
1456683960	431	222	5
1456683963	433	328	5
1456683966	444	403	5
1456683969	459	433	5
1456683972	468	445	5
1456683975	476	456	5
1456683978	476	496	7
1456683981	492	591	6
1456683984	507	600	6
1456683987	521	606	6
1456683990	528	626	7
1456683993	534	714	7
1456683996	541	729	7
1456683999	547	750	7
1456684002	552	771	8
1456684005	562	842	8
1456684008	575	862	8
1456684011	587	921	9
1456684014	603	1003	9
1456684017	615	1019	9
1456684020	624	1025	9
1456684023	630	1024	9
1456684026	630	1018	9
1456684029	630	1019	9
1456684032	631	1019	9
1456684035	630	1018	9
1456684038	630	1016	9
1456684041	630	1020	9
1456684044	630	1015	9
1456684047	630	1011	9
1456684050	630	1019	9
1456684053	630	1025	9
1456684056	630	1023	9
1456684059	630	1072	10
1456684062	640	1136	10
1456684065	650	1139	10
1456684068	660	1136	10
1456684071	664	1182	11
1456684287	692	927	11
1456684290	666	1017	9
1456684293	645	1038	9
1456684296	625	1048	9
1456684299	625	1052	9
1456684302	628	1047	9
1456684305	629	1051	9
1456684308	629	1050	9
1456684311	630	1043	9
1456684314	630	1046	9
1456684317	630	1050	9
1456684320	629	1049	9
1456684323	630	1047	9
1456684326	630	1048	9
1456684329	630	1047	9
1456684332	630	1048	9
1456684335	630	1047	9
1456684338	630	1046	9
1456684341	630	1045	9
1456684344	630	1048	9
1456684347	630	1050	9
1456684350	630	1052	9
1456684353	630	1054	9
1456684356	629	1050	9
1456684359	629	1051	9
1456684362	629	1056	9
1456684365	629	1049	9
1456684368	629	1055	9
1456684371	629	1055	9
1456684374	630	1049	9
1456684377	630	1053	9
1456684380	630	1053	9
1456684383	630	1051	9
1456684386	629	1049	9
1456684389	629	1056	9
1456684392	629	1052	9
1456684395	629	1049	9
1456684398	629	1052	9
1456684401	629	1045	9
1456684404	629	1050	9
1456684407	629	1045	9
1456684410	628	1051	9
1456684413	629	1045	9
1456684416	629	1053	9
1456684419	629	1047	9
1456684422	628	1047	9
1456684425	628	1048	9
1456684428	628	1045	9
1456684431	628	1050	9
1456684434	629	1051	9
1456684437	629	1051	9
1456684440	629	1046	9
1456684443	629	1045	9
1456684446	629	1051	9
1456684449	629	1053	9
1456684452	629	1047	9
1456684455	630	1050	9
1456684458	629	1048	9
1456684461	629	1044	9
1456684464	629	1044	9
1456684467	629	1041	9
1456684470	629	1039	9
1456684473	629	1042	9
1456684476	629	1036	9
1456684479	629	1031	9
1456684482	629	1030	9
1456684485	629	1033	9
1456684488	629	1029	9
1456684491	630	1029	9
1456684494	630	1019	9
1456684497	630	1023	9
1456684500	629	1012	9
1456684503	630	1013	9
1456684506	629	1011	9
1456684509	629	1012	9
1456684512	629	1010	9
1456684515	629	1006	9
1456684518	629	1006	9
1456684521	629	1004	9
1456684524	629	1004	9
1456684527	629	1001	9
1456684530	629	996	9
1456684533	629	853	9
1456684536	609	714	7
1456684539	583	730	7
1456684542	560	749	7
1456684545	547	751	7
1456684548	554	752	7
1456684551	556	754	7
1456684554	557	757	7
1456684557	557	758	7
1456684560	557	758	7
1456684563	557	762	7
1456684566	557	761	7
1456684569	557	765	7
1456684572	557	761	7
1456684575	557	767	7
1456684578	557	773	7
1456684581	557	764	7
1456684584	557	770	7
1456684587	557	765	7
1456684590	557	775	7
1456684593	557	771	7
1456684596	557	767	7
1456684599	560	841	8
1456684602	571	891	8
1456684605	584	943	9
1456684608	603	1016	9
1456684611	615	1039	9
1456684614	625	1049	9
1456684617	630	1043	9
1456684620	631	1044	9
1456684623	631	1046	9
1456684626	630	1047	9
1456684629	632	1121	11
1456684632	641	1169	10
1456684635	652	1183	10
1456684638	662	1176	10
1456684641	666	1244	11
1456684659	694	1321	13
1456684662	699	1434	12
1456684665	709	1475	12
1456684668	721	1553	13
1456684671	738	1611	13
1456684674	750	1619	13
1456684677	760	1621	13
1456684680	766	1621	13
1456684683	766	1630	13
1456684686	766	1624	13
1456684689	766	1626	13
1456684692	766	1630	13
1456684695	766	1622	13
1456684698	766	1624	13
1456684701	767	1615	13
1456684704	766	1633	13
1456684707	765	1631	13
1456684710	765	1627	13
1456684713	765	1631	13
1456684716	766	1629	13
1456684719	766	1624	13
1456684722	766	1629	13
1456684725	766	1636	13
1456684728	766	1632	13
1456684731	765	1618	13
1456684734	764	1635	13
1456684737	764	1627	13
1456684740	764	1635	13
1456684743	765	1634	13
1456684746	765	1628	13
1456684749	764	1622	13
1456684752	764	1621	13
1456684755	763	1628	13
1456684758	763	1629	13
1456684761	764	1625	13
1456684764	763	1637	13
1456684767	764	1624	13
1456684770	763	1626	13
1456684773	763	1625	13
1456684776	763	1632	13
1456684779	763	1628	13
1456684782	764	1638	13
1456684785	764	1639	13
1456684788	765	1640	13
1456684791	765	1624	13
1456684794	765	1633	13
1456684797	764	1631	13
1456684800	763	1632	13
1456684803	764	1634	13
1456684806	764	1633	13
1456684809	764	1621	13
1456684812	764	1625	13
1456684815	764	1617	13
1456684818	764	1623	13
1456684821	764	1615	13
1456684824	764	1622	13
1456684827	765	1622	13
1456684830	765	1616	13
1456684833	765	1606	13
1456684836	764	1610	13
1456684839	764	1601	13
1456684842	764	1607	13
1456684845	764	1604	13
1456684848	764	1603	13
1456684851	764	1605	13
1456684854	763	1610	13
1456684857	763	1605	13
1456684860	762	1612	13
1456684863	763	1615	13
1456684866	764	1615	13
1456684869	764	1611	13
1456684872	764	1607	13
1456684875	763	1616	13
1456684878	763	1614	13
1456684881	764	1608	13
1456684884	764	1617	13
1456684887	764	1616	13
1456684890	763	1613	13
1456684893	764	1619	13
1456684896	764	1618	13
1456684899	764	1614	13
1456684902	764	1626	13
1456684905	764	1614	13
1456684908	764	1621	13
1456684911	764	1615	13
1456684914	765	1617	13
1456684917	764	1609	13
1456684920	764	1613	13
1456684923	764	1609	13
1456684926	764	1614	13
1456684929	764	1607	13
1456684932	764	1607	13
1456684935	764	1615	13
1456684938	765	1607	13
1456684941	764	1606	13
1456684944	764	1606	13
1456684947	764	1609	13
1456684950	765	1605	13
1456684953	765	1593	13
1456684956	764	1602	13
1456684959	764	1593	13
1456684962	764	1600	13
1456684965	764	1588	13
1456684968	764	1594	13
1456684971	764	1598	13
1456684974	765	1599	13
1456684977	766	1592	13
1456684980	765	1591	13
1456684983	765	1585	13
1456684986	764	1587	13
1456684989	764	1582	13
1456684992	764	1581	13
1456684995	764	1578	13
1456684998	764	1575	13
1456685001	763	1578	13
1456685004	763	1569	13
1456685007	763	1570	13
1456685010	762	1573	13
1456685013	762	1574	13
1456685016	762	1568	13
1456685019	763	1574	13
1456685022	763	1569	13
1456685025	762	1572	13
1456685028	762	1569	13
1456685031	762	1571	13
1456685034	763	1578	13
1456685037	763	1576	13
1456685040	763	1577	13
1456685043	763	1577	13
1456685046	763	1576	13
1456685049	764	1585	13
1456685052	764	1588	13
1456685055	764	1580	13
1456685058	764	1580	13
1456685061	764	1583	13
1456685064	763	1586	13
1456685067	763	1590	13
1456685070	763	1590	13
1456685073	764	1589	13
1456685076	764	1589	13
1456685079	764	1595	13
1456685082	764	1601	13
1456685085	764	1598	13
1456685088	764	1600	13
1456685091	763	1607	13
1456685094	763	1615	13
1456685097	764	1610	13
1456685100	763	1607	13
1456685103	764	1605	13
1456685106	763	1630	13
1456685109	763	1630	13
1456685112	764	1643	13
1456685115	764	1640	13
1456685118	764	1638	13
1456685121	763	1636	13
1456685124	764	1630	13
1456685127	764	1634	13
1456685130	764	1630	13
1456685133	763	1635	13
1456685136	764	1633	13
1456685139	765	1626	13
1456685142	765	1624	13
1456685145	765	1615	13
1456685148	764	1617	13
1456685151	764	1607	13
1456685154	764	1617	13
1456685157	764	1608	13
1456685160	764	1612	13
1456685163	764	1605	13
1456685166	764	1612	13
1456685169	764	1602	13
1456685172	764	1595	13
1456685175	763	1597	13
1456685178	763	1597	13
1456685181	764	1602	13
1456685184	764	1593	13
1456685187	764	1596	13
1456685190	763	1587	13
1456685193	763	1266	13
1456685196	738	992	11
1456685199	689	506	8
1456685202	602	171	5
1456685205	520	0	1
1456685973	369	0	1
1456685976	376	13	1
1456685979	381	17	3
1456685982	389	41	2
1456685985	408	50	3
1456685988	427	105	3
1456685991	442	128	4
1456685994	440	190	4
1456685997	437	333	5
1456686000	449	372	5
1456686003	466	435	7
1456686006	491	583	6
1456686009	503	614	7
1456686012	519	707	7
1456686015	533	754	7
1456686018	546	757	7
1456686021	557	752	7
1456686024	557	759	7
1456686027	556	770	7
1456686030	555	756	7
1456686033	555	756	7
1456686036	555	766	7
1456686039	554	766	7
1456686042	555	766	7
1456686045	555	767	7
1456686048	556	767	7
1456686051	556	767	7
1456686054	556	762	7
1456686057	556	763	7
1456686060	556	762	7
1456686063	556	762	7
1456686066	555	763	7
1456686069	555	757	7
1456686072	556	751	7
1456686075	556	754	7
1456686078	556	754	7
1456686081	556	745	7
1456686084	556	749	7
1456686087	557	746	7
1456686090	556	747	7
1456686093	556	740	7
1456686096	556	740	7
1456686099	557	739	7
1456686102	557	738	7
1456686105	557	738	7
1456686108	557	737	7
1456686111	557	735	7
1456686114	556	735	7
1456686117	557	733	7
1456686120	557	733	7
1456686123	556	732	7
1456686126	556	734	7
1456686129	556	732	7
1456686132	556	732	7
1456686135	556	728	7
1456686138	556	732	7
1456686141	556	732	7
1456686144	556	734	7
1456686147	556	734	7
1456686150	556	732	7
1456686153	556	733	7
1456686156	556	731	7
1456686159	556	735	7
1456686162	555	733	7
1456686165	555	737	7
1456686168	555	741	7
1456686171	555	740	7
1456686174	556	734	7
1456686177	556	743	7
1456686180	555	434	7
1456686183	525	57	5
1456686735	369	0	1
1456686738	374	46	1
1456686741	374	43	1
1456686744	372	43	1
1456686747	366	46	1
1456686750	361	49	1
1456686753	363	48	1
1456686756	368	49	1
1456686759	369	48	1
1456686762	368	48	1
1456686765	364	49	1
1456686768	362	50	1
1456686771	364	50	1
1456686774	368	48	1
1456686777	369	48	1
1456686780	367	49	1
1456686783	363	49	1
1456686786	363	50	1
1456686789	366	49	1
1456686792	369	47	1
1456686795	369	47	1
1456686798	365	48	1
1456686801	363	48	1
1456686804	364	49	1
1456686807	367	49	1
1456686810	369	47	1
1456686813	369	47	1
1456686816	366	48	1
1456686819	364	48	1
1456686822	365	49	1
1456686825	368	49	1
1456686828	370	48	1
1456686831	369	48	1
1456686834	367	47	1
1456686837	363	47	1
1456686840	363	48	1
1456686843	366	48	1
1456686846	370	46	1
1456686849	371	47	1
1456686852	369	47	1
1456686855	365	47	1
1456686858	364	47	1
1456686861	365	48	1
1456686864	368	47	1
1456686867	370	47	1
1456686870	369	46	1
1456686873	366	46	1
1456686876	364	47	1
1456686879	364	0	1
1456689423	370	13	1
1456689426	372	25	1
1456689429	366	26	1
1456689432	361	29	1
1456689435	355	31	1
1456689438	359	33	1
1456689441	366	35	1
1456689444	368	36	1
1456689447	365	34	1
1456689450	360	38	1
1456689453	359	37	1
1456689456	363	38	1
1456689459	368	37	1
1456689462	368	38	1
1456689465	364	37	1
1456689468	360	39	1
1456689471	361	42	1
1456689474	365	40	1
1456689477	369	38	1
1456689480	369	39	1
1456689483	369	90	3
1456689486	389	91	2
1456689489	401	95	2
1456689492	416	97	2
1456689495	415	100	2
1456689498	419	102	2
1456689501	427	100	2
1456689504	432	102	3
1456689507	436	159	3
1456689510	440	158	3
1456689513	445	158	3
1456689516	449	160	3
1456689519	450	156	3
1456689522	450	159	3
1456689525	450	161	3
1456689528	450	161	3
1456689531	450	163	5
1456689534	450	259	4
1456689537	448	270	4
1456689540	449	279	4
1456689543	451	285	4
1456689546	455	285	4
1456689549	457	287	4
1456689552	457	283	4
1456689555	459	329	5
1456689558	466	399	5
1456689561	471	406	5
1456689564	478	407	5
1456689567	480	408	5
1456689570	483	406	5
1456689573	485	409	5
1456689576	485	411	5
1456689579	485	416	5
1456689582	485	414	5
1456689585	485	413	5
1456689588	484	413	5
1456689591	484	441	7
1456689594	492	534	6
1456689597	502	542	7
1456689600	516	612	7
1456689603	529	664	7
1456689606	536	683	7
1456689609	545	701	7
1456689612	549	700	7
1456689615	554	697	7
1456689618	555	706	7
1456689621	555	702	7
1456689624	555	698	7
1456689627	555	707	7
1456689630	556	752	8
1456689633	565	818	8
1456689636	577	836	8
1456689639	590	840	8
1456689642	597	851	9
1456689645	603	937	9
1456689648	610	963	9
1456689651	618	992	9
1456689654	626	993	9
1456689657	627	996	9
1456689660	629	992	9
1456689663	629	995	9
1456689666	629	995	9
1456689669	629	1003	9
1456689672	631	1072	10
1456689675	641	1119	10
1456689678	651	1125	10
1456689681	662	1124	10
1456689684	663	1126	10
1456689687	666	1180	11
1456689750	696	1391	13
1456689753	707	1443	12
1456689756	718	1447	12
1456689759	732	1526	13
1456689762	743	1572	13
1456689765	752	1577	13
1456689768	762	1577	13
1456689771	764	1577	13
1456689774	764	1585	13
1456689777	764	1587	13
1456689780	764	1588	13
1456689783	765	1595	13
1456689786	765	1597	13
1456689789	765	1583	13
1456689792	765	1586	13
1456689795	764	1586	13
1456689798	764	1586	13
1456689801	764	1588	13
1456689804	764	1598	13
1456689807	765	1593	13
1456689810	765	1595	13
1456689813	765	1595	13
1456689816	764	1600	13
1456689819	764	1600	13
1456689822	764	1608	13
1456689825	763	1619	13
1456689828	763	1616	13
1456689831	764	1592	13
1456689834	765	1594	13
1456689837	765	1592	13
1456689840	764	1590	13
1456689843	764	1591	13
1456689846	764	1592	13
1456689849	764	1587	13
1456689852	764	1583	13
1456689855	763	1574	13
1456689858	762	1571	13
1456689861	761	1577	13
1456689864	761	1574	13
1456689867	762	1572	13
1456689870	762	1575	13
1456689873	762	1583	13
1456689876	762	1577	13
1456689879	762	1582	13
1456689882	762	1578	13
1456689885	761	1582	13
1456689888	761	1576	13
1456689891	762	1570	13
1456689894	762	1573	13
1456689897	762	1570	13
1456689900	762	1574	13
1456689903	762	1570	13
1456689906	763	1573	13
1456689909	763	1569	13
1456689912	762	1570	13
1456689915	762	1572	13
1456689918	762	1567	13
1456689921	762	1571	13
1456689924	762	1566	13
1456689927	761	1561	13
1456689930	762	1564	13
1456689933	762	1565	13
1456689936	762	1561	13
1456689939	763	1568	13
1456689942	762	1566	13
1456689945	762	1561	13
1456689948	762	1562	13
1456689951	762	1566	13
1456689954	762	1561	13
1456689957	762	1562	13
1456689960	762	1565	13
1456689963	762	1568	13
1456689966	762	1566	13
1456689969	762	1573	13
1456689972	762	1572	13
1456689975	763	1570	13
1456689978	763	1570	13
1456689981	763	1571	13
1456689984	763	1562	13
1456689987	763	1569	13
1456689990	763	1573	13
1456689993	762	1570	13
1456689996	762	1563	13
1456689999	762	1571	13
1456690002	762	1574	13
1456690005	763	1570	13
1456690008	763	1576	13
1456690011	763	1572	13
1456690014	763	1573	13
1456690017	763	1579	13
1456690020	763	1571	13
1456690023	762	1584	13
1456690026	762	1586	13
1456690029	762	1582	13
1456690032	762	1585	13
1456690035	762	1586	13
1456690038	762	1579	13
1456690041	762	1589	13
1456690044	762	1583	13
1456690047	762	1590	13
1456690050	762	1589	13
1456690053	761	1594	13
1456690056	761	1587	13
1456690059	761	1592	13
1456690062	760	1588	13
1456690065	761	1599	13
1456690068	761	1590	13
1456690071	761	1592	13
1456690074	761	1589	13
1456690077	761	1604	13
1456690080	761	1599	13
1456690083	762	1605	13
1456690086	763	1608	13
1456690089	762	1607	13
1456690092	762	1606	13
1456690095	761	1607	13
1456690098	762	1619	13
1456690101	762	1603	13
1456690104	762	1597	13
1456690107	763	1593	13
1456690110	762	1591	13
1456690113	763	1582	13
1456690116	763	1582	13
1456690119	763	1582	13
1456690122	763	1577	13
1456690125	763	1578	13
1456690128	763	1587	13
1456690131	763	1589	13
1456690134	763	1596	13
1456690137	762	1607	13
1456690140	762	1620	13
1456690143	762	1624	13
1456690146	762	1628	13
1456690149	762	1638	13
1456690152	762	1647	13
1456690155	762	1633	13
1456690158	763	1636	13
1456690161	763	1637	13
1456690164	763	1626	13
1456690167	763	1639	13
1456690170	763	1636	13
1456690173	763	1633	13
1456690176	763	1625	13
1456690179	763	1625	13
1456690182	762	1622	13
1456690185	762	1620	13
1456690188	763	1619	13
1456690191	762	1614	13
1456690194	762	1612	13
1456690197	762	1604	13
1456690200	762	1612	13
1456690203	763	1605	13
1456690206	763	1606	13
1456690209	763	1603	13
1456690212	763	1602	13
1456690215	762	1596	13
1456690218	763	1599	13
1456690221	762	1600	13
1456690224	763	1604	13
1456690227	762	1604	13
1456690230	762	1605	13
1456690233	763	1603	13
1456690236	763	1603	13
1456690239	762	1614	13
1456690242	762	1602	13
1456690245	762	1623	13
1456690248	762	1614	13
1456690251	762	1609	13
1456690254	762	1618	13
1456690257	762	1619	13
1456690260	762	1621	13
1456690263	762	1623	13
1456690266	762	1624	13
1456690269	763	1619	13
1456690272	762	1622	13
1456690275	762	1625	13
1456690278	762	1632	13
1456690281	762	1632	13
1456690284	763	1624	13
1456690287	763	1623	13
1456690290	763	1613	13
1456690293	763	1623	13
1456690296	763	1611	13
1456690299	763	1608	13
1456690302	762	1613	13
1456690305	761	1603	13
1456690308	762	1597	13
1456690311	761	1600	13
1456690314	762	1595	13
1456690317	762	1602	13
1456690320	762	1596	13
1456690323	761	1590	13
1456690326	750	1227	11
1456690329	724	1249	11
1456690332	701	1255	11
1456690335	682	1275	11
1456690338	687	1280	11
1456690341	691	1261	11
1456690344	694	1251	11
1456690347	695	1245	11
1456690350	695	1233	11
1456690353	694	1225	11
1456690356	694	1219	11
1456690359	695	1216	11
1456690362	695	1203	11
1456690365	694	1204	11
1456690368	693	1192	11
1456690371	693	1189	11
1456690374	692	1186	11
1456690377	693	1183	11
1456690380	694	1293	13
1456690383	703	1331	12
1456690386	715	1395	13
1456690389	734	1450	13
1456690392	749	1440	13
1456690395	760	1423	13
1456690398	766	1399	13
1456690401	767	1381	13
1456690404	766	1365	13
1456690407	766	1359	13
1456690410	765	1377	13
1456690413	765	1369	13
1456690416	766	1352	13
1456690419	767	1332	13
1456690422	766	1332	13
1456690425	765	1346	13
1456690428	764	1367	13
1456690431	763	1381	13
1456690434	763	1399	13
1456690437	763	1420	13
1456690440	762	1439	13
1456690443	762	1454	13
1456690446	762	1458	13
1456690449	762	1466	13
1456690452	762	1478	13
1456690455	762	1477	13
1456690458	763	1480	13
1456690461	763	1471	13
1456690464	763	1454	13
1456690467	763	1450	13
1456690470	763	1442	13
1456690473	763	1425	13
1456690476	764	1415	13
1456690479	764	1397	13
1456690482	763	1382	13
1456690485	763	1381	13
1456690488	763	1377	13
1456690491	764	1372	13
1456690494	764	1372	13
1456690497	764	1370	13
1456690500	764	1368	13
1456690503	764	1360	13
1456690506	763	1360	13
1456690509	763	1366	13
1456690512	763	1383	13
1456690515	762	1398	13
1456690518	762	1415	13
1456690521	762	1449	13
1456690524	762	1465	13
1456690527	762	1481	13
1456690530	762	1499	13
1456690533	762	1514	13
1456690536	762	1531	13
1456690539	762	1553	13
1456690542	763	1558	13
1456690545	763	1582	13
1456690548	763	1598	13
1456690551	762	1614	13
1456690554	762	1627	13
1456690557	762	1623	13
1456690560	763	1637	13
1456690563	763	1634	13
1456690566	763	1162	13
1456690569	739	1232	11
1456690572	714	1261	11
1456690575	689	1284	11
1456690578	682	1306	11
1456690581	680	868	11
1456690584	657	1010	9
1456690587	638	1030	9
1456690590	618	1054	9
1456690593	617	644	8
1456690596	592	740	7
1456690599	565	197	7
1456690602	514	131	3
1456690701	370	0	1
1456690704	376	25	1
1456690707	378	31	1
1456690710	382	71	3
1456690713	401	93	3
1456690716	416	184	3
1456690719	432	216	5
1456690722	444	323	5
1456690725	457	502	7
1456690728	491	632	7
1456690731	522	688	7
1456690734	537	682	7
1456690737	545	727	7
1456690740	544	741	7
1456690743	551	723	7
1456690746	555	735	7
1456690749	556	732	7
1456690752	555	727	7
1456690755	557	729	7
1456690758	558	721	7
1456690761	556	723	7
1456690764	557	724	7
1456690767	556	718	7
1456690770	556	725	7
1456690773	557	717	7
1456690776	557	715	7
1456690779	557	720	7
1456690782	557	714	7
1456690785	557	712	7
1456690788	557	717	7
1456690791	557	714	7
1456690794	556	714	7
1456690797	557	715	7
1456690800	557	714	7
1456690803	557	712	7
1456690806	557	709	7
1456690809	557	707	7
1456690812	557	709	7
1456690815	557	707	7
1456690818	557	705	7
1456690821	557	708	7
1456690824	557	708	7
1456690827	557	705	7
1456690830	557	712	7
1456690833	557	708	7
1456690836	557	706	7
1456690839	557	706	7
1456690842	557	712	7
1456690845	556	371	7
1456690848	531	447	5
1456690851	507	445	5
1456690854	486	435	5
1456690857	475	191	5
1456690860	466	103	3
1456690998	370	3	1
1456691001	377	26	1
1456691004	380	34	2
1456691007	399	74	2
1456691010	416	73	3
1456691013	433	142	3
1456691016	438	183	3
1456691019	432	194	3
1456691022	431	202	3
1456691025	436	205	3
1456691028	444	199	3
1456691031	449	199	3
1456691034	451	194	3
1456691037	451	191	3
1456691040	451	204	5
1456691043	458	287	5
1456691046	466	409	5
1456691049	469	429	5
1456691052	471	447	5
1456691055	470	459	5
1456691058	475	472	5
1456691061	480	502	5
1456691064	481	497	5
1456691067	484	475	5
1456691070	483	465	5
1456691073	483	163	5
1456691076	470	164	3
1456691079	453	165	5
1456691082	443	259	5
1456691085	448	427	7
1456691088	478	573	7
1456691091	513	613	9
1456691094	542	889	9
1456691097	576	755	9
1456691100	607	749	9
1456691103	623	926	9
1456691106	626	973	9
1456691109	615	1008	9
1456691112	615	1045	9
1456691115	623	1040	9
1456691118	628	1029	9
1456691121	620	671	8
1456691124	587	231	7
1456691127	535	50	3
1456691130	486	0	3
1456691406	369	0	1
1456691409	375	20	1
1456691412	379	29	1
1456691415	384	64	3
1456691418	404	85	2
1456691421	417	92	3
1456691424	432	189	3
1456691427	428	196	3
1456691430	427	198	3
1456691433	432	206	5
1456691436	441	307	4
1456691439	446	332	5
1456691442	457	421	5
1456691445	463	437	5
1456691448	472	452	5
1456691451	478	457	5
1456691454	481	450	5
1456691457	485	512	7
1456691460	499	590	6
1456691463	511	659	7
1456691466	530	717	7
1456691469	540	737	7
1456691472	550	734	7
1456691475	554	735	7
1456691478	555	743	7
1456691481	556	737	7
1456691484	555	731	7
1456691487	556	732	7
1456691490	556	734	7
1456691493	556	737	7
1456691496	556	734	7
1456691499	556	736	7
1456691502	556	739	7
1456691505	556	732	7
1456691508	556	735	7
1456691511	556	738	7
1456691514	556	739	7
1456691517	556	739	7
1456691520	556	739	7
1456691523	556	737	7
1456691526	556	741	7
1456691529	556	741	7
1456691532	556	740	7
1456691535	556	740	7
1456691538	556	741	7
1456691541	556	743	7
1456691544	556	741	7
1456691547	556	744	7
1456691550	556	746	7
1456691553	556	746	7
1456691556	555	761	7
1456691559	554	759	7
1456691562	555	747	7
1456691565	555	746	7
1456691568	556	746	7
1456691571	556	736	7
1456691574	556	739	7
1456691577	556	738	7
1456691580	556	740	7
1456691583	556	741	7
1456691586	556	740	7
1456691589	556	737	7
1456691592	556	742	7
1456691595	556	736	7
1456691598	556	734	7
1456691601	556	737	7
1456691604	556	739	7
1456691607	556	733	7
1456691610	556	733	7
1456691613	556	737	7
1456691616	556	738	7
1456691619	556	732	7
1456691622	556	731	7
1456691625	556	732	7
1456691628	556	727	7
1456691631	556	729	7
1456691634	556	733	7
1456691637	556	732	7
1456691640	556	731	7
1456691643	556	729	7
1456691646	557	725	7
1456691649	556	725	7
1456691652	555	727	7
1456691655	555	725	7
1456691658	554	728	7
1456691661	554	725	7
1456691664	555	723	7
1456691667	554	725	7
1456691670	555	724	7
1456691673	555	725	7
1456691676	555	726	7
1456691679	555	727	7
1456691682	555	727	7
1456691685	555	727	7
1456691688	555	733	7
1456691691	555	730	7
1456691694	555	725	7
1456691697	550	403	7
1456691700	520	200	5
1456691703	500	0	1
1456691955	372	2	1
1456691958	378	17	1
1456691961	381	18	1
1456691964	383	20	1
1456691967	378	22	1
1456691970	374	23	1
1456691973	373	24	1
1456691976	372	24	1
1456691979	371	25	1
1456691982	369	26	1
1456691985	368	26	1
1456691988	367	26	1
1456691991	366	27	1
1456691994	366	27	1
1456691997	367	28	1
1456692000	369	28	1
1456692003	370	32	3
1456692006	388	63	2
1456692009	408	61	2
1456692012	426	62	2
1456692015	435	62	2
1456692018	429	64	2
1456692021	428	67	3
1456692024	434	133	3
1456692027	439	161	3
1456692030	444	171	3
1456692033	447	174	5
1456692036	449	233	5
1456692039	456	389	5
1456692042	460	428	5
1456692045	464	446	5
1456692048	467	462	5
1456692051	471	513	7
1456692054	489	600	6
1456692057	506	662	7
1456692060	523	728	7
1456692063	536	801	8
1456692066	552	887	8
1456692069	575	868	8
1456692072	588	888	9
1456692075	603	983	9
1456692078	609	1014	9
1456692081	620	1035	9
1456692084	628	1076	10
1456692087	637	1135	10
1456692090	649	1179	11
1456692108	694	1353	13
1456692111	703	1426	12
1456692114	714	1446	12
1456692117	726	1458	12
1456692120	733	1509	13
1456692123	741	1548	13
1456692126	749	1579	13
1456692129	758	1586	13
1456692132	764	1587	13
1456692135	765	1587	13
1456692138	765	1591	13
1456692141	765	1590	13
1456692144	764	1582	13
1456692147	764	1579	13
1456692150	764	1586	13
1456692153	764	1588	13
1456692156	764	1583	13
1456692159	764	1577	13
1456692162	763	1571	13
1456692165	763	1571	13
1456692168	762	1570	13
1456692171	762	1582	13
1456692174	761	1578	13
1456692177	762	1577	13
1456692180	762	1578	13
1456692183	763	1580	13
1456692186	763	1577	13
1456692189	763	1578	13
1456692192	763	1580	13
1456692195	762	1581	13
1456692198	762	1574	13
1456692201	762	1572	13
1456692204	762	1572	13
1456692207	762	1571	13
1456692210	762	1575	13
1456692213	762	1572	13
1456692216	762	1571	13
1456692219	762	1575	13
1456692222	762	1572	13
1456692225	762	1581	13
1456692228	763	1568	13
1456692231	763	1582	13
1456692234	763	1577	13
1456692237	762	1576	13
1456692240	762	1579	13
1456692243	763	1579	13
1456692246	763	1578	13
1456692249	763	1575	13
1456692252	762	1579	13
1456692255	762	1585	13
1456692258	762	1580	13
1456692261	762	1581	13
1456692264	762	1575	13
1456692267	762	1578	13
1456692270	762	1582	13
1456692273	762	1595	13
1456692276	763	1594	13
1456692279	764	1596	13
1456692282	764	1590	13
1456692285	763	1587	13
1456692288	763	1593	13
1456692291	762	1592	13
1456692294	762	1598	13
1456692297	762	1589	13
1456692300	763	1594	13
1456692303	763	1589	13
1456692306	763	1589	13
1456692309	762	1596	13
1456692312	762	1593	13
1456692315	762	1587	13
1456692318	762	1604	13
1456692321	762	1594	13
1456692324	763	1594	13
1456692327	763	1601	13
1456692330	762	1593	13
1456692333	762	1596	13
1456692336	763	1590	13
1456692339	763	1592	13
1456692342	763	1598	13
1456692345	763	1590	13
1456692348	764	1600	13
1456692351	763	1599	13
1456692354	763	1594	13
1456692357	762	1597	13
1456692360	763	1598	13
1456692363	763	1591	13
1456692366	763	1597	13
1456692369	763	1598	13
1456692372	762	1597	13
1456692375	763	1598	13
1456692378	762	1597	13
1456692381	763	1593	13
1456692384	763	1604	13
1456692387	763	1601	13
1456692390	763	1600	13
1456692393	763	1602	13
1456692396	763	1600	13
1456692399	763	1607	13
1456692402	763	1606	13
1456692405	763	1604	13
1456692408	763	1597	13
1456692411	763	1606	13
1456692414	763	1610	13
1456692417	762	1609	13
1456692420	762	1610	13
1456692423	762	1607	13
1456692426	763	1618	13
1456692429	763	1615	13
1456692432	763	1612	13
1456692435	763	1621	13
1456692438	763	1612	13
1456692441	762	1612	13
1456692444	762	1616	13
1456692447	762	1615	13
1456692450	762	1612	13
1456692453	762	1612	13
1456692456	763	1607	13
1456692459	763	1605	13
1456692462	763	1613	13
1456692465	763	1608	13
1456692468	763	1607	13
1456692471	763	1606	13
1456692474	763	1605	13
1456692477	762	1610	13
1456692480	762	1610	13
1456692483	762	1616	13
1456692486	762	1618	13
1456692489	763	1617	13
1456692492	763	1610	13
1456692495	763	1611	13
1456692498	763	1615	13
1456692501	763	1620	13
1456692504	764	1618	13
1456692507	764	1615	13
1456692510	763	1620	13
1456692513	763	1616	13
1456692516	763	1609	13
1456692519	763	1613	13
1456692522	762	1613	13
1456692525	762	1610	13
1456692528	763	1604	13
1456692531	763	1602	13
1456692534	763	1595	13
1456692537	762	1591	13
1456692540	763	1585	13
1456692543	762	1583	13
1456692546	762	1587	13
1456692549	763	1576	13
1456692552	763	1577	13
1456692555	763	1573	13
1456692558	763	1579	13
1456692561	763	1583	13
1456692564	764	1574	13
1456692567	763	1580	13
1456692570	763	1574	13
1456692573	763	1578	13
1456692576	763	1570	13
1456692579	763	1570	13
1456692582	763	1567	13
1456692585	763	1563	13
1456692588	763	1564	13
1456692591	763	1559	13
1456692594	763	1553	13
1456692597	763	1549	13
1456692600	763	1548	13
1456692603	763	1542	13
1456692606	763	1536	13
1456692609	763	1532	13
1456692612	764	1531	13
1456692615	763	1523	13
1456692618	763	1525	13
1456692621	763	1513	13
1456692624	762	1053	13
1456692627	737	1154	11
1456692630	713	1170	11
1456692633	690	1192	11
1456692636	686	1196	11
1456692639	691	1188	11
1456692642	693	1184	11
1456692645	694	1174	11
1456692648	694	1172	11
1456692651	693	1169	11
1456692654	694	966	11
1456692657	675	865	9
1456692660	651	886	9
1456692663	629	799	9
1456692666	600	627	7
1456692669	581	435	7
1456692672	540	430	5
1456692675	500	176	5
1456692678	480	147	3
1456692681	460	30	3
1456693074	369	0	1
1456693077	375	18	1
1456693080	380	23	3
1456693083	393	61	2
1456693086	413	63	3
1456693089	430	99	3
1456693092	442	163	3
1456693095	435	180	3
1456693098	432	198	5
1456693101	434	317	4
1456693104	438	312	4
1456693107	444	335	5
1456693110	453	405	5
1456693113	465	440	5
1456693116	475	452	5
1456693119	483	509	7
1456693122	496	618	6
1456693125	509	624	7
1456693128	525	711	7
1456693131	534	736	7
1456693134	544	778	8
1456693137	561	864	8
1456693140	578	869	8
1456693143	592	887	9
1456693146	604	973	9
1456693149	610	998	9
1456693152	618	1028	9
1456693155	626	1025	9
1456693158	628	1025	9
1456693161	630	1032	9
1456693164	629	1032	9
1456693167	629	1027	9
1456693170	630	1021	9
1456693173	630	1026	9
1456693176	630	1023	9
1456693179	630	1024	9
1456693182	629	1025	9
1456693185	629	1015	9
1456693188	629	1026	9
1456693191	628	1020	9
1456693194	629	1013	9
1456693197	629	1016	9
1456693200	629	1019	9
1456693203	629	1018	9
1456693206	629	1015	9
1456693209	630	1013	9
1456693212	630	1013	9
1456693215	630	1008	9
1456693218	630	1013	9
1456693221	629	1013	9
1456693224	630	1008	9
1456693227	630	1008	9
1456693230	628	1010	9
1456693233	628	1008	9
1456693236	627	1007	9
1456693239	628	1012	9
1456693242	628	1009	9
1456693245	628	1011	9
1456693248	628	1007	9
1456693251	628	1014	9
1456693254	628	1009	9
1456693257	627	1008	9
1456693260	628	1013	9
1456693263	628	1016	9
1456693266	628	1011	9
1456693269	628	1014	9
1456693272	627	1015	9
1456693275	627	1017	9
1456693278	627	1014	9
1456693281	628	1014	9
1456693284	628	1012	9
1456693287	622	652	8
1456693290	593	406	7
1456693293	547	444	5
1456693296	501	195	3
1456693299	468	0	3
1456693713	370	3	1
1456693716	376	46	1
1456693719	376	49	1
1456693722	373	52	1
1456693725	372	93	2
1456693728	393	115	2
1456693731	410	118	2
1456693734	425	120	2
1456693737	419	124	2
1456693740	421	124	2
1456693743	429	125	3
1456693746	436	182	3
1456693749	440	183	3
1456693752	444	182	3
1456693755	448	183	3
1456693758	451	187	5
1456693761	453	283	4
1456693764	450	289	4
1456693767	451	305	4
1456693770	452	307	5
1456693773	459	370	5
1456693776	467	420	5
1456693779	472	433	5
1456693782	479	438	5
1456693785	483	474	7
1456693788	496	567	6
1456693791	508	573	6
1456693794	519	602	7
1456693797	530	685	7
1456693800	539	710	7
1456693803	548	731	7
1456693806	554	718	7
1456693809	554	720	7
1456693812	556	737	8
1456693815	561	826	8
1456693818	573	864	8
1456693821	587	891	9
1456693824	603	971	9
1456693827	613	1009	10
1456693830	625	1147	10
1456693833	640	1164	11
1456693845	696	1360	13
1456693848	706	1431	12
1456693851	718	1464	13
1456693854	734	1549	13
1456693857	747	1576	13
1456693860	757	1568	13
1456693863	764	1583	13
1456693866	765	1575	13
1456693869	765	1590	13
1456693872	765	1599	13
1456693875	765	1595	13
1456693878	765	1588	13
1456693881	765	1589	13
1456693884	765	1593	13
1456693887	765	1600	13
1456693890	765	1600	13
1456693893	765	1602	13
1456693896	765	1594	13
1456693899	764	1575	13
1456693902	764	1586	13
1456693905	763	1592	13
1456693908	763	1587	13
1456693911	763	1582	13
1456693914	763	1589	13
1456693917	763	1583	13
1456693920	763	1585	13
1456693923	764	1574	13
1456693926	764	1580	13
1456693929	764	1579	13
1456693932	764	1578	13
1456693935	764	1578	13
1456693938	763	1571	13
1456693941	763	1570	13
1456693944	763	1578	13
1456693947	763	1571	13
1456693950	764	1565	13
1456693953	764	1562	13
1456693956	764	1571	13
1456693959	763	1562	13
1456693962	763	1571	13
1456693965	763	1571	13
1456693968	763	1572	13
1456693971	764	1563	13
1456693974	763	1557	13
1456693977	763	1565	13
1456693980	763	1559	13
1456693983	762	1564	13
1456693986	762	1569	13
1456693989	763	1572	13
1456693992	763	1570	13
1456693995	764	1566	13
1456693998	764	1565	13
1456694001	763	1575	13
1456694004	763	1565	13
1456694007	763	1568	13
1456694010	763	1575	13
1456694013	763	1572	13
1456694016	763	1572	13
1456694019	763	1579	13
1456694022	764	1569	13
1456694025	764	1564	13
1456694028	764	1570	13
1456694031	764	1570	13
1456694034	763	1567	13
1456694037	763	1573	13
1456694040	763	1571	13
1456694043	763	1569	13
1456694046	763	1577	13
1456694049	763	1570	13
1456694052	763	1574	13
1456694055	763	1580	13
1456694058	763	1580	13
1456694061	763	1583	13
1456694064	763	1580	13
1456694067	764	1571	13
1456694070	764	1576	13
1456694073	764	1573	13
1456694076	764	1575	13
1456694079	764	1582	13
1456694082	764	1579	13
1456694085	763	1579	13
1456694088	763	1578	13
1456694091	764	1581	13
1456694094	764	1584	13
1456694097	765	1575	13
1456694100	764	1571	13
1456694103	764	1573	13
1456694106	764	1575	13
1456694109	764	1574	13
1456694112	764	1578	13
1456694115	764	1568	13
1456694118	764	1573	13
1456694121	764	1573	13
1456694124	764	1582	13
1456694127	763	1585	13
1456694130	763	1573	13
1456694133	763	1577	13
1456694136	764	1574	13
1456694139	764	1568	13
1456694142	763	1578	13
1456694145	763	1580	13
1456694148	764	1568	13
1456694151	763	1571	13
1456694154	763	1579	13
1456694157	763	1579	13
1456694160	763	1574	13
1456694163	763	1567	13
1456694166	763	1574	13
1456694169	763	1575	13
1456694172	764	1577	13
1456694175	764	1570	13
1456694178	764	1574	13
1456694181	763	1567	13
1456694184	763	1568	13
1456694187	763	1560	13
1456694190	763	1567	13
1456694193	763	1564	13
1456694196	763	1570	13
1456694199	763	1560	13
1456694202	762	1566	13
1456694205	762	1567	13
1456694208	762	1568	13
1456694211	763	1570	13
1456694214	764	1564	13
1456694217	764	1571	13
1456694220	764	1571	13
1456694223	764	1565	13
1456694226	764	1560	13
1456694229	764	1566	13
1456694232	764	1554	13
1456694235	764	1550	13
1456694238	765	1555	13
1456694241	763	1124	13
1456694244	737	1217	11
1456694247	717	1258	11
1456694250	694	875	11
1456694253	666	958	9
1456694256	648	992	9
1456694259	628	1001	9
1456694262	626	1004	9
1456694265	628	1002	9
1456694268	629	946	9
1456694271	616	722	7
1456694274	589	714	7
1456694277	567	713	7
1456694280	547	715	7
1456694283	555	716	7
1456694286	554	712	7
1456694289	556	712	7
1456694292	557	714	7
1456694295	556	629	7
1456694298	542	352	5
1456694301	506	158	3
1456694322	363	0	1
1456694325	370	20	1
1456694328	376	45	1
1456694331	376	46	1
1456694334	375	50	2
1456694337	384	113	2
1456694340	404	110	2
1456694343	422	110	3
1456694346	433	168	3
1456694349	428	171	3
1456694352	432	175	5
1456694355	440	287	5
1456694358	451	373	5
1456694361	461	399	5
1456694364	468	411	5
1456694367	476	412	5
1456694370	480	407	5
1456694373	484	409	5
1456694376	486	411	5
1456694379	485	412	5
1456694382	486	410	5
1456694385	485	410	5
1456694388	486	410	5
1456694391	485	413	5
1456694394	485	412	5
1456694397	485	422	6
1456694400	492	503	6
1456694403	504	544	6
1456694406	515	580	7
1456694409	531	664	7
1456694412	536	670	7
1456694415	545	692	7
1456694418	551	711	8
1456694421	562	788	9
1456694424	579	888	9
1456694427	599	956	9
1456694430	617	998	10
1456694433	637	1077	10
1456694436	652	1150	11
1456694448	698	1309	13
1456694451	710	1386	12
1456694454	721	1412	13
1456694457	737	1504	13
1456694460	748	1524	13
1456694463	757	1524	13
1456694466	764	1536	13
1456694469	764	1531	13
1456694472	764	1531	13
1456694475	763	1541	13
1456694478	762	1546	13
1456694481	762	1549	13
1456694484	762	1547	13
1456694487	763	1555	13
1456694490	763	1561	13
1456694493	763	1560	13
1456694496	762	1566	13
1456694499	763	1564	13
1456694502	763	1576	13
1456694505	763	1574	13
1456694508	763	1574	13
1456694511	763	1579	13
1456694514	762	1578	13
1456694517	762	1580	13
1456694520	763	1586	13
1456694523	763	1579	13
1456694526	763	1582	13
1456694529	763	1586	13
1456694532	763	1582	13
1456694535	763	1582	13
1456694538	763	1585	13
1456694541	763	1587	13
1456694544	763	1588	13
1456694547	763	1591	13
1456694550	762	1580	13
1456694553	762	1589	13
1456694556	762	1584	13
1456694559	762	1582	13
1456694562	762	1586	13
1456694565	762	1585	13
1456694568	763	1588	13
1456694571	763	1588	13
1456694574	763	1584	13
1456694577	763	1583	13
1456694580	763	1585	13
1456694583	763	1584	13
1456694586	763	1578	13
1456694589	762	1582	13
1456694592	762	1577	13
1456694595	762	1580	13
1456694598	762	1576	13
1456694601	762	1574	13
1456694604	762	1572	13
1456694607	762	1581	13
1456694610	762	1581	13
1456694613	763	1588	13
1456694616	763	1590	13
1456694619	764	1584	13
1456694622	763	1582	13
1456694625	763	1588	13
1456694628	763	1582	13
1456694631	763	1585	13
1456694634	763	1584	13
1456694637	763	1583	13
1456694640	762	1583	13
1456694643	763	1583	13
1456694646	763	1577	13
1456694649	763	1585	13
1456694652	763	1577	13
1456694655	763	1576	13
1456694658	763	1580	13
1456694661	762	1576	13
1456694664	762	1581	13
1456694667	762	1582	13
1456694670	763	1584	13
1456694673	762	1575	13
1456694676	762	1587	13
1456694679	762	1583	13
1456694682	763	1587	13
1456694685	763	1585	13
1456694688	763	1584	13
1456694691	763	1586	13
1456694694	763	1584	13
1456694697	763	1585	13
1456694700	763	1580	13
1456694703	762	1576	13
1456694706	763	1579	13
1456694709	763	1569	13
1456694712	763	1572	13
1456694715	763	1576	13
1456694718	763	1565	13
1456694721	763	1568	13
1456694724	763	1570	13
1456694727	755	1208	13
1456694730	728	1282	11
1456694733	704	1261	11
1456694736	676	941	11
1456694739	656	1004	9
1456694742	638	667	9
1456694745	594	709	7
1456694748	578	723	7
1456694751	555	730	7
1456694754	543	434	5
1456694757	517	457	5
1456694760	491	204	5
1456694763	457	210	3
1456694766	450	210	3
1456694769	441	208	3
1456694772	444	20	3
1456695849	369	0	1
1456695852	373	7	1
1456695855	377	18	1
1456695858	378	21	1
1456695861	375	23	1
1456695864	369	24	3
1456695867	375	56	2
1456695870	399	61	2
1456695873	419	62	3
1456695876	436	103	3
1456695879	431	157	3
1456695882	429	171	5
1456695885	433	227	4
1456695888	437	311	4
1456695891	442	327	4
1456695894	447	358	5
1456695897	457	435	5
1456695900	468	452	7
1456695903	482	553	6
1456695906	499	616	6
1456695909	511	615	6
1456695912	524	622	6
1456695915	526	606	6
1456695918	528	643	7
1456695921	535	709	7
1456695924	539	727	7
1456695927	545	746	7
1456695930	551	747	7
1456695933	554	738	7
1456695936	556	738	7
1456695939	557	743	7
1456695942	556	742	7
1456695945	556	744	7
1456695948	557	741	7
1456695951	556	768	8
1456695954	562	842	8
1456695957	574	871	8
1456695960	587	901	9
1456695963	605	1005	9
1456695966	615	1023	9
1456695969	624	1025	9
1456695972	629	1025	9
1456695975	630	1024	9
1456695978	629	1028	9
1456695981	629	1027	9
1456695984	629	1030	9
1456695987	629	1029	9
1456695990	629	1029	9
1456695993	629	1036	9
1456695996	629	1035	9
1456695999	630	1030	9
1456696002	630	1027	9
1456696005	630	1029	9
1456696008	629	1029	9
1456696011	629	1033	9
1456696014	629	1035	9
1456696017	629	1033	9
1456696020	630	1032	9
1456696023	630	1034	9
1456696026	630	1035	9
1456696029	629	1038	9
1456696032	629	1038	9
1456696035	629	1039	9
1456696038	630	1037	9
1456696041	629	1038	9
1456696044	629	1035	9
1456696047	629	1036	9
1456696050	629	1039	9
1456696053	629	1033	9
1456696056	629	1039	9
1456696059	629	1045	9
1456696062	629	1037	9
1456696065	629	1038	9
1456696068	629	1039	9
1456696071	629	1040	9
1456696074	629	1038	9
1456696077	630	1031	9
1456696080	629	1038	9
1456696083	629	1039	9
1456696086	630	1036	9
1456696089	629	1039	9
1456696092	629	1036	9
1456696095	629	1039	9
1456696098	629	1040	9
1456696101	629	1039	9
1456696104	629	1041	9
1456696107	629	1050	9
1456696110	629	1042	9
1456696113	629	1041	9
1456696116	629	1048	9
1456696119	629	1044	9
1456696122	629	1036	9
1456696125	629	1022	9
1456696128	629	1027	9
1456696131	629	1031	9
1456696134	624	604	9
1456696137	595	742	7
1456696140	571	758	7
1456696143	549	771	7
1456696146	552	460	7
1456696149	529	489	5
1456696152	507	490	5
1456696155	486	477	5
1456696158	480	481	5
1456696161	485	474	5
1456696164	484	475	5
1456696167	485	474	5
1456696170	485	468	5
1456696173	485	472	5
1456696176	485	471	5
1456696179	485	468	5
1456696182	485	469	5
1456696185	485	469	5
1456696188	485	466	5
1456696191	485	466	5
1456696194	485	466	5
1456696197	485	468	5
1456696200	485	465	5
1456696203	485	462	5
1456696206	485	466	5
1456696209	485	467	5
1456696212	486	468	5
1456696215	485	463	5
1456696218	485	464	5
1456696221	485	462	5
1456696224	485	462	5
1456696227	485	464	5
1456696230	485	461	5
1456696233	485	462	5
1456696236	485	463	5
1456696239	485	461	5
1456696242	484	463	5
1456696245	485	460	5
1456696248	485	462	5
1456696251	486	461	5
1456696254	486	456	5
1456696257	485	459	5
1456696260	485	461	5
1456696263	485	462	5
1456696266	485	462	5
1456696269	485	461	5
1456696272	485	462	5
1456696275	485	458	5
1456696278	485	459	5
1456696281	485	457	5
1456696284	485	460	5
1456696287	485	463	5
1456696290	485	463	5
1456696293	485	464	5
1456696296	485	461	5
1456696299	485	460	5
1456696302	485	461	5
1456696305	485	460	5
1456696308	484	460	5
1456696311	485	460	5
1456696314	485	458	5
1456696317	485	458	5
1456696320	485	458	5
1456696323	485	460	5
1456696326	486	457	5
1456696329	485	459	5
1456696332	485	454	5
1456696335	485	451	5
1456696338	485	454	5
1456696341	485	453	5
1456696344	485	455	5
1456696347	485	453	5
1456696350	485	454	5
1456696353	485	454	5
1456696356	485	451	5
1456696359	485	453	5
1456696362	486	451	5
1456696365	485	454	5
1456696368	485	454	5
1456696371	485	452	5
1456696374	485	455	5
1456696377	485	452	5
1456696380	485	448	5
1456696383	485	450	5
1456696386	485	452	5
1456696389	485	450	5
1456696392	485	450	5
1456696395	485	451	5
1456696398	485	450	5
1456696401	485	453	5
1456696404	485	452	5
1456696407	485	452	5
1456696410	485	452	5
1456696413	485	451	5
1456696416	485	452	5
1456696419	485	452	5
1456696422	485	452	5
1456696425	485	451	5
1456696428	485	452	5
1456696431	485	446	5
1456696434	485	439	5
1456696437	479	0	3
1456697121	369	0	1
1456697523	369	0	1
1456697526	372	41	1
1456697529	371	28	1
1456697532	366	29	1
1456697535	361	29	1
1456697538	357	31	1
1456697541	364	31	1
1456697544	368	33	1
1456697547	369	36	1
1456697550	367	36	1
1456697553	365	36	2
1456697556	375	89	2
1456697559	397	90	2
1456697562	412	91	2
1456697565	424	94	2
1456697568	417	98	2
1456697571	422	125	3
1456697574	433	153	3
1456697577	442	168	5
1456697580	449	259	4
1456697583	449	269	4
1456697586	452	271	4
1456697589	454	299	5
1456697592	465	380	5
1456697595	471	395	5
1456697598	478	399	5
1456697601	482	396	5
1456697604	484	403	5
1456697607	486	403	5
1456697610	485	403	5
1456697613	485	404	5
1456697616	485	404	5
1456697619	485	406	5
1456697622	485	408	5
1456697625	485	407	5
1456697628	485	409	5
1456697631	485	413	5
1456697634	485	416	5
1456697637	485	416	5
1456697640	485	418	5
1456697643	485	420	5
1456697646	485	421	5
1456697649	485	421	5
1456697652	485	417	5
1456697655	485	422	5
1456697658	485	416	5
1456697661	477	185	3
1456697664	459	181	3
1456697667	441	183	3
1456697670	430	185	3
1456697673	435	186	3
1456697676	445	180	3
1456697679	449	179	3
1456697682	447	179	3
1456697685	444	181	3
1456697688	444	183	3
1456697691	444	0	1
1456698279	351	0	1
1456698282	363	38	1
1456698285	369	31	1
1456698288	368	31	1
1456698291	363	0	1
1456698705	369	0	1
1456698708	369	0	1
1456698720	369	4	1
1456698723	373	0	1
1456698744	369	0	1
1456698747	370	32	1
1456698750	371	29	1
1456698753	369	29	1
1456698756	365	0	1
1456698921	369	0	1
1456698924	372	30	1
1456698927	371	30	1
1456698930	369	0	1
1456698942	353	2	1
1456698945	364	30	1
1456698948	365	26	1
1456698951	364	29	1
1456698954	359	32	1
1456698957	363	35	3
1456698960	381	96	2
1456698963	403	92	2
1456698966	416	105	3
1456698969	430	155	3
1456698972	429	163	3
1456698975	438	168	3
1456698978	444	170	3
1456698981	448	173	3
1456698984	451	176	3
1456698987	450	179	3
1456698990	450	178	3
1456698993	450	180	3
1456698996	450	183	3
1456698999	451	185	3
1456699002	450	5	3
1456699098	369	0	1
1456699101	371	32	1
1456699104	371	27	1
1456699107	365	29	1
1456699110	360	29	1
1456699113	355	33	1
1456699116	362	36	1
1456699119	367	0	1
1456699152	369	10	1
1456699155	373	29	1
1456699158	369	27	1
1456699161	364	31	1
1456699164	359	35	1
1456699167	363	37	1
1456699170	368	38	1
1456699173	369	40	1
1456699176	367	41	1
1456699179	362	44	1
1456699182	362	46	1
1456699185	365	46	1
1456699188	369	46	1
1456699191	368	45	1
1456699194	363	48	1
1456699197	360	50	1
1456699200	362	50	1
1456699203	367	50	1
1456699206	367	50	1
1456699209	364	52	1
1456699212	360	0	1
1456699251	371	6	1
1456699254	375	35	1
1456699257	374	38	1
1456699260	370	41	1
1456699263	364	42	1
1456699266	359	44	1
1456699269	363	0	1
1456699374	369	2	1
1456699377	373	29	1
1456699380	366	26	1
1456699383	363	28	1
1456699386	360	33	1
1456699389	363	35	1
1456699392	370	37	1
1456699395	372	39	1
1456699398	369	41	1
1456699401	367	44	1
1456699578	369	0	1
1456699581	372	38	1
1456699593	355	0	1
1456699980	288	0	1
